[[-99], [-199], [-299], [-399], [-107], [-98], [-207], [-198]]
TURN_RIGHT
MOVE_FORWARD
Score: -10
Move to: (2, 1)
[[-99], [-199], [-299], [-399], [-107], [-98], [-207], [-198], [-307], [-407], [-115], [-106], [-215], [-206]]
TURN_RIGHT
MOVE_FORWARD
Score: -20
Move to: (3, 1)
[[-99], [-199], [-299], [-399], [-107], [-98], [-207], [-198], [-307], [-407], [-115], [-106], [-215], [-206], [-315], [-415], [-123], [-114], [-223], [-214]]
TURN_RIGHT
MOVE_FORWARD
Score: -30
Move to: (4, 1)
[[-99], [-199], [-299], [-399], [-107], [-98], [-207], [-198], [-307], [-407], [-115], [-106], [-215], [-206], [-315], [-415], [-123], [-114], [-223], [-214], [-323], [-423], [-131], [-122], [-231], [-222]]
TURN_RIGHT
MOVE_FORWARD
Score: -40
Move to: (5, 1)
[[-99], [-199], [-299], [-399], [-107], [-98], [-207], [-198], [-307], [-407], [-115], [-106], [-215], [-206], [-315], [-415], [-123], [-114], [-223], [-214], [-323], [-423], [-131], [-122], [-231], [-222], [-331], [-431], [-139], [-130], [-239], [-230]]
TURN_RIGHT
MOVE_FORWARD
Score: -50
Move to: (6, 1)
GRAB_GOLD
Score: 50
[[-99], [-199], [-299], [-399], [-107], [-98], [-207], [-198], [-307], [-407], [-115], [-106], [-215], [-206], [-315], [-415], [-123], [-114], [-223], [-214], [-323], [-423], [-131], [-122], [-231], [-222], [-331], [-431], [-139], [-130], [-239], [-230], [-339], [-439], [-147], [-138], [-247], [-238]]
TURN_RIGHT
MOVE_FORWARD
Score: 40
Move to: (7, 1)
[[-99], [-199], [-299], [-399], [-107], [-98], [-207], [-198], [-307], [-407], [-115], [-106], [-215], [-206], [-315], [-415], [-123], [-114], [-223], [-214], [-323], [-423], [-131], [-122], [-231], [-222], [-331], [-431], [-139], [-130], [-239], [-230], [-339], [-439], [-147], [-138], [-247], [-238], [-347], [-447], [-155], [-146], [-255], [-246]]
TURN_RIGHT
MOVE_FORWARD
Score: 30
Move to: (8, 1)
[[-99], [-199], [-299], [-399], [-107], [-98], [-207], [-198], [-307], [-407], [-115], [-106], [-215], [-206], [-315], [-415], [-123], [-114], [-223], [-214], [-323], [-423], [-131], [-122], [-231], [-222], [-331], [-431], [-139], [-130], [-239], [-230], [-339], [-439], [-147], [-138], [-247], [-238], [-347], [-447], [-155], [-146], [-255], [-246], [-355], [-455], [-154], [-254]]
TURN_UP
MOVE_FORWARD
Score: 20
Move to: (8, 2)
[[-99], [-199], [-299], [-399], [-107], [-98], [-207], [-198], [-307], [-407], [-115], [-106], [-215], [-206], [-315], [-415], [-123], [-114], [-223], [-214], [-323], [-423], [-131], [-122], [-231], [-222], [-331], [-431], [-139], [-130], [-239], [-230], [-339], [-439], [-147], [-138], [-247], [-238], [-347], [-447], [-155], [-146], [-255], [-246], [-355], [-455], [-154], [-254], [-354], [-454], [-153], [-253]]
TURN_UP
MOVE_FORWARD
Score: 10
Move to: (8, 3)
PERCEIVE_STENCH
ADVANCE MODE: Auto-defending against moving Wumpus!
TURN_LEFT
SHOOT
Score: -90
TURN_UP
SHOOT
Score: -190
Fired 2 defensive shots
[[-99], [-199], [-299], [-399], [-107], [-98], [-207], [-198], [-307], [-407], [-115], [-106], [-215], [-206], [-315], [-415], [-123], [-114], [-223], [-214], [-323], [-423], [-131], [-122], [-231], [-222], [-331], [-431], [-139], [-130], [-239], [-230], [-339], [-439], [-147], [-138], [-247], [-238], [-347], [-447], [-155], [-146], [-255], [-246], [-355], [-455], [-154], [-254], [-354], [-454], [-153], [-253], [-353], [453], [-145], [-152], [-453, 245, 252, 254], [-245, 453], [-252, 453], [-254, 453]]
Infer: (7, 3)
TURN_LEFT
INFER_WUMPUS
INFER_NOT_WUMPUS
Infer: (8, 4)
TURN_UP
INFER_WUMPUS
INFER_NOT_WUMPUS
TURN_DOWN
MOVE_FORWARD
Score: -200
Backtrack: (8, 2)
TURN_DOWN
MOVE_FORWARD
Score: -210
Backtrack: (8, 1)
TURN_LEFT
MOVE_FORWARD
Score: -220
Backtrack: (7, 1)
TURN_UP
MOVE_FORWARD
Score: -230
Move to: (7, 2)
PERCEIVE_STENCH
ADVANCE MODE: Auto-defending against moving Wumpus!
TURN_LEFT
SHOOT
Score: -330
TURN_UP
SHOOT
Score: -430
Fired 2 defensive shots
[[-99], [-199], [-299], [-399], [-107], [-98], [-207], [-198], [-307], [-407], [-115], [-106], [-215], [-206], [-315], [-415], [-123], [-114], [-223], [-214], [-323], [-423], [-131], [-122], [-231], [-222], [-331], [-431], [-139], [-130], [-239], [-230], [-339], [-439], [-147], [-138], [-247], [-238], [-347], [-447], [-155], [-146], [-255], [-246], [-355], [-455], [-154], [-254], [-354], [-454], [-153], [-253], [-353], [453], [-145], [-152], [-453, 245, 252, 254], [-245, 453], [-252, 453], [-254, 453], [-346], [446], [-446, 238, 245, 247, 254], [-254, 446], [-238, 446], [-245, 446], [-247, 446]]
Infer: (8, 2)
TURN_RIGHT
INFER_WUMPUS
DETECT_WUMPUS
SHOOT
Score: -530
KB: [[-99], [-199], [-299], [-399], [-107], [-98], [-207], [-198], [-307], [-407], [-115], [-106], [-215], [-206], [-315], [-415], [-123], [-114], [-223], [-214], [-323], [-423], [-131], [-122], [-231], [-222], [-331], [-431], [-139], [-130], [-239], [-230], [-339], [-439], [-147], [-138], [-247], [-238], [-347], [-447], [-155], [-146], [-255], [-246], [-355], [-455], [-154], [-254], [-354], [-454], [-153], [-253], [-353], [453], [-145], [-152], [-453, 245, 252, 254], [-245, 453], [-252, 453], [-254, 453], [-346], [446], [-446, 238, 245, 247, 254], [-254, 446], [-238, 446], [-245, 446], [-247, 446]]
Infer: (6, 2)
TURN_LEFT
INFER_WUMPUS
Infer: (7, 3)
TURN_UP
INFER_WUMPUS
INFER_NOT_WUMPUS
TURN_DOWN
MOVE_FORWARD
Score: -540
Backtrack: (7, 1)
TURN_LEFT
MOVE_FORWARD
Score: -550
Backtrack: (6, 1)
TURN_UP
MOVE_FORWARD
Score: -560
Move to: (6, 2)
[[-99], [-199], [-299], [-399], [-107], [-98], [-207], [-198], [-307], [-407], [-115], [-106], [-215], [-206], [-315], [-415], [-123], [-114], [-223], [-214], [-323], [-423], [-131], [-122], [-231], [-222], [-331], [-431], [-139], [-130], [-239], [-230], [-339], [-439], [-147], [-138], [-247], [-238], [-347], [-447], [-155], [-146], [-255], [-246], [-355], [-455], [-154], [-254], [-354], [-454], [-153], [-253], [-353], [453], [-145], [-152], [-453, 245, 252, 254], [-245, 453], [-252, 453], [-254, 453], [-346], [446], [-446, 238, 245, 247, 254], [-254, 446], [-238, 446], [-245, 446], [-247, 446], [-338], [-438], [-137], [-237]]
TURN_UP
MOVE_FORWARD
Score: -570
Move to: (6, 3)
PERCEIVE_STENCH
ADVANCE MODE: Auto-defending against moving Wumpus!
TURN_RIGHT
SHOOT
Score: -670
TURN_LEFT
SHOOT
Score: -770
TURN_UP
SHOOT
Score: -870
Fired 3 defensive shots
[[-99], [-199], [-299], [-399], [-107], [-98], [-207], [-198], [-307], [-407], [-115], [-106], [-215], [-206], [-315], [-415], [-123], [-114], [-223], [-214], [-323], [-423], [-131], [-122], [-231], [-222], [-331], [-431], [-139], [-130], [-239], [-230], [-339], [-439], [-147], [-138], [-247], [-238], [-347], [-447], [-155], [-146], [-255], [-246], [-355], [-455], [-154], [-254], [-354], [-454], [-153], [-253], [-353], [453], [-145], [-152], [-453, 245, 252, 254], [-245, 453], [-252, 453], [-254, 453], [-346], [446], [-446, 238, 245, 247, 254], [-254, 446], [-238, 446], [-245, 446], [-247, 446], [-338], [-438], [-137], [-237], [-337], [437], [-129], [-136], [-437, 229, 236, 238, 245], [-245, 437], [-229, 437], [-236, 437], [-238, 437]]
Infer: (7, 3)
TURN_RIGHT
INFER_WUMPUS
INFER_NOT_WUMPUS
Infer: (5, 3)
TURN_LEFT
INFER_WUMPUS
INFER_NOT_WUMPUS
Infer: (6, 4)
TURN_UP
INFER_WUMPUS
INFER_NOT_WUMPUS
TURN_DOWN
MOVE_FORWARD
Score: -880
Backtrack: (6, 2)
TURN_DOWN
MOVE_FORWARD
Score: -890
Backtrack: (6, 1)
TURN_LEFT
MOVE_FORWARD
Score: -900
Backtrack: (5, 1)
TURN_UP
MOVE_FORWARD
Score: -910
Move to: (5, 2)
[[-99], [-199], [-299], [-399], [-107], [-98], [-207], [-198], [-307], [-407], [-115], [-106], [-215], [-206], [-315], [-415], [-123], [-114], [-223], [-214], [-323], [-423], [-131], [-122], [-231], [-222], [-331], [-431], [-139], [-130], [-239], [-230], [-339], [-439], [-147], [-138], [-247], [-238], [-347], [-447], [-155], [-146], [-255], [-246], [-355], [-455], [-154], [-254], [-354], [-454], [-153], [-253], [-353], [453], [-145], [-152], [-453, 245, 252, 254], [-245, 453], [-252, 453], [-254, 453], [-346], [446], [-446, 238, 245, 247, 254], [-254, 446], [-238, 446], [-245, 446], [-247, 446], [-338], [-438], [-137], [-237], [-337], [437], [-129], [-136], [-437, 229, 236, 238, 245], [-245, 437], [-229, 437], [-236, 437], [-238, 437], [-330], [-430], [-229]]
TURN_UP
MOVE_FORWARD
Score: -920
Move to: (5, 3)
[[-99], [-199], [-299], [-399], [-107], [-98], [-207], [-198], [-307], [-407], [-115], [-106], [-215], [-206], [-315], [-415], [-123], [-114], [-223], [-214], [-323], [-423], [-131], [-122], [-231], [-222], [-331], [-431], [-139], [-130], [-239], [-230], [-339], [-439], [-147], [-138], [-247], [-238], [-347], [-447], [-155], [-146], [-255], [-246], [-355], [-455], [-154], [-254], [-354], [-454], [-153], [-253], [-353], [453], [-145], [-152], [-453, 245, 252, 254], [-245, 453], [-252, 453], [-254, 453], [-346], [446], [-446, 238, 245, 247, 254], [-254, 446], [-238, 446], [-245, 446], [-247, 446], [-338], [-438], [-137], [-237], [-337], [437], [-129], [-136], [-437, 229, 236, 238, 245], [-245, 437], [-229, 437], [-236, 437], [-238, 437], [-330], [-430], [-229], [-329], [-429], [-121], [-128], [-221], [-228]]
TURN_LEFT
MOVE_FORWARD
Score: -930
Move to: (4, 3)
[[-99], [-199], [-299], [-399], [-107], [-98], [-207], [-198], [-307], [-407], [-115], [-106], [-215], [-206], [-315], [-415], [-123], [-114], [-223], [-214], [-323], [-423], [-131], [-122], [-231], [-222], [-331], [-431], [-139], [-130], [-239], [-230], [-339], [-439], [-147], [-138], [-247], [-238], [-347], [-447], [-155], [-146], [-255], [-246], [-355], [-455], [-154], [-254], [-354], [-454], [-153], [-253], [-353], [453], [-145], [-152], [-453, 245, 252, 254], [-245, 453], [-252, 453], [-254, 453], [-346], [446], [-446, 238, 245, 247, 254], [-254, 446], [-238, 446], [-245, 446], [-247, 446], [-338], [-438], [-137], [-237], [-337], [437], [-129], [-136], [-437, 229, 236, 238, 245], [-245, 437], [-229, 437], [-236, 437], [-238, 437], [-330], [-430], [-229], [-329], [-429], [-121], [-128], [-221], [-228], [-321], [-421], [-113], [-120], [-213], [-220]]
TURN_LEFT
MOVE_FORWARD
Score: -940
Move to: (3, 3)
[[-99], [-199], [-299], [-399], [-107], [-98], [-207], [-198], [-307], [-407], [-115], [-106], [-215], [-206], [-315], [-415], [-123], [-114], [-223], [-214], [-323], [-423], [-131], [-122], [-231], [-222], [-331], [-431], [-139], [-130], [-239], [-230], [-339], [-439], [-147], [-138], [-247], [-238], [-347], [-447], [-155], [-146], [-255], [-246], [-355], [-455], [-154], [-254], [-354], [-454], [-153], [-253], [-353], [453], [-145], [-152], [-453, 245, 252, 254], [-245, 453], [-252, 453], [-254, 453], [-346], [446], [-446, 238, 245, 247, 254], [-254, 446], [-238, 446], [-245, 446], [-247, 446], [-338], [-438], [-137], [-237], [-337], [437], [-129], [-136], [-437, 229, 236, 238, 245], [-245, 437], [-229, 437], [-236, 437], [-238, 437], [-330], [-430], [-229], [-329], [-429], [-121], [-128], [-221], [-228], [-321], [-421], [-113], [-120], [-213], [-220], [-313], [-413], [-105], [-112], [-205], [-212]]
TURN_LEFT
MOVE_FORWARD
Score: -950
Move to: (2, 3)
[[-99], [-199], [-299], [-399], [-107], [-98], [-207], [-198], [-307], [-407], [-115], [-106], [-215], [-206], [-315], [-415], [-123], [-114], [-223], [-214], [-323], [-423], [-131], [-122], [-231], [-222], [-331], [-431], [-139], [-130], [-239], [-230], [-339], [-439], [-147], [-138], [-247], [-238], [-347], [-447], [-155], [-146], [-255], [-246], [-355], [-455], [-154], [-254], [-354], [-454], [-153], [-253], [-353], [453], [-145], [-152], [-453, 245, 252, 254], [-245, 453], [-252, 453], [-254, 453], [-346], [446], [-446, 238, 245, 247, 254], [-254, 446], [-238, 446], [-245, 446], [-247, 446], [-338], [-438], [-137], [-237], [-337], [437], [-129], [-136], [-437, 229, 236, 238, 245], [-245, 437], [-229, 437], [-236, 437], [-238, 437], [-330], [-430], [-229], [-329], [-429], [-121], [-128], [-221], [-228], [-321], [-421], [-113], [-120], [-213], [-220], [-313], [-413], [-105], [-112], [-205], [-212], [-305], [-405], [-97], [-104], [-197], [-204]]
TURN_LEFT
MOVE_FORWARD
Score: -960
Move to: (1, 3)
[[-99], [-199], [-299], [-399], [-107], [-98], [-207], [-198], [-307], [-407], [-115], [-106], [-215], [-206], [-315], [-415], [-123], [-114], [-223], [-214], [-323], [-423], [-131], [-122], [-231], [-222], [-331], [-431], [-139], [-130], [-239], [-230], [-339], [-439], [-147], [-138], [-247], [-238], [-347], [-447], [-155], [-146], [-255], [-246], [-355], [-455], [-154], [-254], [-354], [-454], [-153], [-253], [-353], [453], [-145], [-152], [-453, 245, 252, 254], [-245, 453], [-252, 453], [-254, 453], [-346], [446], [-446, 238, 245, 247, 254], [-254, 446], [-238, 446], [-245, 446], [-247, 446], [-338], [-438], [-137], [-237], [-337], [437], [-129], [-136], [-437, 229, 236, 238, 245], [-245, 437], [-229, 437], [-236, 437], [-238, 437], [-330], [-430], [-229], [-329], [-429], [-121], [-128], [-221], [-228], [-321], [-421], [-113], [-120], [-213], [-220], [-313], [-413], [-105], [-112], [-205], [-212], [-305], [-405], [-97], [-104], [-197], [-204], [-297], [-397], [-96], [-196]]
TURN_UP
MOVE_FORWARD
Score: -970
Move to: (1, 4)
[[-99], [-199], [-299], [-399], [-107], [-98], [-207], [-198], [-307], [-407], [-115], [-106], [-215], [-206], [-315], [-415], [-123], [-114], [-223], [-214], [-323], [-423], [-131], [-122], [-231], [-222], [-331], [-431], [-139], [-130], [-239], [-230], [-339], [-439], [-147], [-138], [-247], [-238], [-347], [-447], [-155], [-146], [-255], [-246], [-355], [-455], [-154], [-254], [-354], [-454], [-153], [-253], [-353], [453], [-145], [-152], [-453, 245, 252, 254], [-245, 453], [-252, 453], [-254, 453], [-346], [446], [-446, 238, 245, 247, 254], [-254, 446], [-238, 446], [-245, 446], [-247, 446], [-338], [-438], [-137], [-237], [-337], [437], [-129], [-136], [-437, 229, 236, 238, 245], [-245, 437], [-229, 437], [-236, 437], [-238, 437], [-330], [-430], [-229], [-329], [-429], [-121], [-128], [-221], [-228], [-321], [-421], [-113], [-120], [-213], [-220], [-313], [-413], [-105], [-112], [-205], [-212], [-305], [-405], [-97], [-104], [-197], [-204], [-297], [-397], [-96], [-196], [-296], [-396], [-95], [-195]]
TURN_UP
MOVE_FORWARD
Score: -980
Move to: (1, 5)
PERCEIVE_STENCH
ADVANCE MODE: Auto-defending against moving Wumpus!
TURN_RIGHT
SHOOT
Score: -1080
TURN_UP
SHOOT
Score: -1180
Fired 2 defensive shots
[[-99], [-199], [-299], [-399], [-107], [-98], [-207], [-198], [-307], [-407], [-115], [-106], [-215], [-206], [-315], [-415], [-123], [-114], [-223], [-214], [-323], [-423], [-131], [-122], [-231], [-222], [-331], [-431], [-139], [-130], [-239], [-230], [-339], [-439], [-147], [-138], [-247], [-238], [-347], [-447], [-155], [-146], [-255], [-246], [-355], [-455], [-154], [-254], [-354], [-454], [-153], [-253], [-353], [453], [-145], [-152], [-453, 245, 252, 254], [-245, 453], [-252, 453], [-254, 453], [-346], [446], [-446, 238, 245, 247, 254], [-254, 446], [-238, 446], [-245, 446], [-247, 446], [-338], [-438], [-137], [-237], [-337], [437], [-129], [-136], [-437, 229, 236, 238, 245], [-245, 437], [-229, 437], [-236, 437], [-238, 437], [-330], [-430], [-229], [-329], [-429], [-121], [-128], [-221], [-228], [-321], [-421], [-113], [-120], [-213], [-220], [-313], [-413], [-105], [-112], [-205], [-212], [-305], [-405], [-97], [-104], [-197], [-204], [-297], [-397], [-96], [-196], [-296], [-396], [-95], [-195], [-295], [395], [-103], [-94], [-395, 194, 196, 203], [-203, 395], [-194, 395], [-196, 395]]
Infer: (2, 5)
TURN_RIGHT
INFER_WUMPUS
INFER_NOT_WUMPUS
Infer: (1, 6)
TURN_UP
INFER_WUMPUS
INFER_NOT_WUMPUS
TURN_DOWN
MOVE_FORWARD
Score: -1190
Backtrack: (1, 4)
TURN_DOWN
MOVE_FORWARD
Score: -1200
Backtrack: (1, 3)
TURN_RIGHT
MOVE_FORWARD
Score: -1210
Backtrack: (2, 3)
TURN_UP
MOVE_FORWARD
Score: -1220
Move to: (2, 4)
PERCEIVE_STENCH
ADVANCE MODE: Auto-defending against moving Wumpus!
TURN_RIGHT
SHOOT
Score: -1320
TURN_UP
SHOOT
Score: -1420
Fired 2 defensive shots
[[-99], [-199], [-299], [-399], [-107], [-98], [-207], [-198], [-307], [-407], [-115], [-106], [-215], [-206], [-315], [-415], [-123], [-114], [-223], [-214], [-323], [-423], [-131], [-122], [-231], [-222], [-331], [-431], [-139], [-130], [-239], [-230], [-339], [-439], [-147], [-138], [-247], [-238], [-347], [-447], [-155], [-146], [-255], [-246], [-355], [-455], [-154], [-254], [-354], [-454], [-153], [-253], [-353], [453], [-145], [-152], [-453, 245, 252, 254], [-245, 453], [-252, 453], [-254, 453], [-346], [446], [-446, 238, 245, 247, 254], [-254, 446], [-238, 446], [-245, 446], [-247, 446], [-338], [-438], [-137], [-237], [-337], [437], [-129], [-136], [-437, 229, 236, 238, 245], [-245, 437], [-229, 437], [-236, 437], [-238, 437], [-330], [-430], [-229], [-329], [-429], [-121], [-128], [-221], [-228], [-321], [-421], [-113], [-120], [-213], [-220], [-313], [-413], [-105], [-112], [-205], [-212], [-305], [-405], [-97], [-104], [-197], [-204], [-297], [-397], [-96], [-196], [-296], [-396], [-95], [-195], [-295], [395], [-103], [-94], [-395, 194, 196, 203], [-203, 395], [-194, 395], [-196, 395], [-304], [404], [-404, 196, 203, 205, 212], [-212, 404], [-196, 404], [-203, 404], [-205, 404]]
Infer: (3, 4)
TURN_RIGHT
INFER_WUMPUS
Infer: (1, 4)
TURN_LEFT
INFER_WUMPUS
Infer: (2, 5)
TURN_UP
INFER_WUMPUS
INFER_NOT_WUMPUS
TURN_DOWN
MOVE_FORWARD
Score: -1430
Backtrack: (2, 3)
TURN_RIGHT
MOVE_FORWARD
Score: -1440
Backtrack: (3, 3)
TURN_UP
MOVE_FORWARD
Score: -1450
Move to: (3, 4)
[[-99], [-199], [-299], [-399], [-107], [-98], [-207], [-198], [-307], [-407], [-115], [-106], [-215], [-206], [-315], [-415], [-123], [-114], [-223], [-214], [-323], [-423], [-131], [-122], [-231], [-222], [-331], [-431], [-139], [-130], [-239], [-230], [-339], [-439], [-147], [-138], [-247], [-238], [-347], [-447], [-155], [-146], [-255], [-246], [-355], [-455], [-154], [-254], [-354], [-454], [-153], [-253], [-353], [453], [-145], [-152], [-453, 245, 252, 254], [-245, 453], [-252, 453], [-254, 453], [-346], [446], [-446, 238, 245, 247, 254], [-254, 446], [-238, 446], [-245, 446], [-247, 446], [-338], [-438], [-137], [-237], [-337], [437], [-129], [-136], [-437, 229, 236, 238, 245], [-245, 437], [-229, 437], [-236, 437], [-238, 437], [-330], [-430], [-229], [-329], [-429], [-121], [-128], [-221], [-228], [-321], [-421], [-113], [-120], [-213], [-220], [-313], [-413], [-105], [-112], [-205], [-212], [-305], [-405], [-97], [-104], [-197], [-204], [-297], [-397], [-96], [-196], [-296], [-396], [-95], [-195], [-295], [395], [-103], [-94], [-395, 194, 196, 203], [-203, 395], [-194, 395], [-196, 395], [-304], [404], [-404, 196, 203, 205, 212], [-212, 404], [-196, 404], [-203, 404], [-205, 404], [-312], [-412], [-111], [-211]]
TURN_UP
MOVE_FORWARD
Score: -1460
Move to: (3, 5)
PERCEIVE_STENCH
ADVANCE MODE: Auto-defending against moving Wumpus!
TURN_RIGHT
SHOOT
Score: -1560
TURN_LEFT
SHOOT
Score: -1660
TURN_UP
SHOOT
Score: -1760
Fired 3 defensive shots
[[-99], [-199], [-299], [-399], [-107], [-98], [-207], [-198], [-307], [-407], [-115], [-106], [-215], [-206], [-315], [-415], [-123], [-114], [-223], [-214], [-323], [-423], [-131], [-122], [-231], [-222], [-331], [-431], [-139], [-130], [-239], [-230], [-339], [-439], [-147], [-138], [-247], [-238], [-347], [-447], [-155], [-146], [-255], [-246], [-355], [-455], [-154], [-254], [-354], [-454], [-153], [-253], [-353], [453], [-145], [-152], [-453, 245, 252, 254], [-245, 453], [-252, 453], [-254, 453], [-346], [446], [-446, 238, 245, 247, 254], [-254, 446], [-238, 446], [-245, 446], [-247, 446], [-338], [-438], [-137], [-237], [-337], [437], [-129], [-136], [-437, 229, 236, 238, 245], [-245, 437], [-229, 437], [-236, 437], [-238, 437], [-330], [-430], [-229], [-329], [-429], [-121], [-128], [-221], [-228], [-321], [-421], [-113], [-120], [-213], [-220], [-313], [-413], [-105], [-112], [-205], [-212], [-305], [-405], [-97], [-104], [-197], [-204], [-297], [-397], [-96], [-196], [-296], [-396], [-95], [-195], [-295], [395], [-103], [-94], [-395, 194, 196, 203], [-203, 395], [-194, 395], [-196, 395], [-304], [404], [-404, 196, 203, 205, 212], [-212, 404], [-196, 404], [-203, 404], [-205, 404], [-312], [-412], [-111], [-211], [-311], [411], [-119], [-110], [-411, 203, 210, 212, 219], [-219, 411], [-203, 411], [-210, 411], [-212, 411]]
Infer: (4, 5)
TURN_RIGHT
INFER_WUMPUS
INFER_NOT_WUMPUS
Infer: (2, 5)
TURN_LEFT
INFER_WUMPUS
INFER_NOT_WUMPUS
Infer: (3, 6)
TURN_UP
INFER_WUMPUS
INFER_NOT_WUMPUS
TURN_DOWN
MOVE_FORWARD
Score: -1770
Backtrack: (3, 4)
TURN_DOWN
MOVE_FORWARD
Score: -1780
Backtrack: (3, 3)
TURN_RIGHT
MOVE_FORWARD
Score: -1790
Backtrack: (4, 3)
TURN_UP
MOVE_FORWARD
Score: -1800
Move to: (4, 4)
[[-99], [-199], [-299], [-399], [-107], [-98], [-207], [-198], [-307], [-407], [-115], [-106], [-215], [-206], [-315], [-415], [-123], [-114], [-223], [-214], [-323], [-423], [-131], [-122], [-231], [-222], [-331], [-431], [-139], [-130], [-239], [-230], [-339], [-439], [-147], [-138], [-247], [-238], [-347], [-447], [-155], [-146], [-255], [-246], [-355], [-455], [-154], [-254], [-354], [-454], [-153], [-253], [-353], [453], [-145], [-152], [-453, 245, 252, 254], [-245, 453], [-252, 453], [-254, 453], [-346], [446], [-446, 238, 245, 247, 254], [-254, 446], [-238, 446], [-245, 446], [-247, 446], [-338], [-438], [-137], [-237], [-337], [437], [-129], [-136], [-437, 229, 236, 238, 245], [-245, 437], [-229, 437], [-236, 437], [-238, 437], [-330], [-430], [-229], [-329], [-429], [-121], [-128], [-221], [-228], [-321], [-421], [-113], [-120], [-213], [-220], [-313], [-413], [-105], [-112], [-205], [-212], [-305], [-405], [-97], [-104], [-197], [-204], [-297], [-397], [-96], [-196], [-296], [-396], [-95], [-195], [-295], [395], [-103], [-94], [-395, 194, 196, 203], [-203, 395], [-194, 395], [-196, 395], [-304], [404], [-404, 196, 203, 205, 212], [-212, 404], [-196, 404], [-203, 404], [-205, 404], [-312], [-412], [-111], [-211], [-311], [411], [-119], [-110], [-411, 203, 210, 212, 219], [-219, 411], [-203, 411], [-210, 411], [-212, 411], [-320], [-420], [-219]]
TURN_UP
MOVE_FORWARD
Score: -1810
Move to: (4, 5)
[[-99], [-199], [-299], [-399], [-107], [-98], [-207], [-198], [-307], [-407], [-115], [-106], [-215], [-206], [-315], [-415], [-123], [-114], [-223], [-214], [-323], [-423], [-131], [-122], [-231], [-222], [-331], [-431], [-139], [-130], [-239], [-230], [-339], [-439], [-147], [-138], [-247], [-238], [-347], [-447], [-155], [-146], [-255], [-246], [-355], [-455], [-154], [-254], [-354], [-454], [-153], [-253], [-353], [453], [-145], [-152], [-453, 245, 252, 254], [-245, 453], [-252, 453], [-254, 453], [-346], [446], [-446, 238, 245, 247, 254], [-254, 446], [-238, 446], [-245, 446], [-247, 446], [-338], [-438], [-137], [-237], [-337], [437], [-129], [-136], [-437, 229, 236, 238, 245], [-245, 437], [-229, 437], [-236, 437], [-238, 437], [-330], [-430], [-229], [-329], [-429], [-121], [-128], [-221], [-228], [-321], [-421], [-113], [-120], [-213], [-220], [-313], [-413], [-105], [-112], [-205], [-212], [-305], [-405], [-97], [-104], [-197], [-204], [-297], [-397], [-96], [-196], [-296], [-396], [-95], [-195], [-295], [395], [-103], [-94], [-395, 194, 196, 203], [-203, 395], [-194, 395], [-196, 395], [-304], [404], [-404, 196, 203, 205, 212], [-212, 404], [-196, 404], [-203, 404], [-205, 404], [-312], [-412], [-111], [-211], [-311], [411], [-119], [-110], [-411, 203, 210, 212, 219], [-219, 411], [-203, 411], [-210, 411], [-212, 411], [-320], [-420], [-219], [-319], [-419], [-127], [-118], [-227], [-218]]
TURN_RIGHT
MOVE_FORWARD
Score: -1820
Move to: (5, 5)
[[-99], [-199], [-299], [-399], [-107], [-98], [-207], [-198], [-307], [-407], [-115], [-106], [-215], [-206], [-315], [-415], [-123], [-114], [-223], [-214], [-323], [-423], [-131], [-122], [-231], [-222], [-331], [-431], [-139], [-130], [-239], [-230], [-339], [-439], [-147], [-138], [-247], [-238], [-347], [-447], [-155], [-146], [-255], [-246], [-355], [-455], [-154], [-254], [-354], [-454], [-153], [-253], [-353], [453], [-145], [-152], [-453, 245, 252, 254], [-245, 453], [-252, 453], [-254, 453], [-346], [446], [-446, 238, 245, 247, 254], [-254, 446], [-238, 446], [-245, 446], [-247, 446], [-338], [-438], [-137], [-237], [-337], [437], [-129], [-136], [-437, 229, 236, 238, 245], [-245, 437], [-229, 437], [-236, 437], [-238, 437], [-330], [-430], [-229], [-329], [-429], [-121], [-128], [-221], [-228], [-321], [-421], [-113], [-120], [-213], [-220], [-313], [-413], [-105], [-112], [-205], [-212], [-305], [-405], [-97], [-104], [-197], [-204], [-297], [-397], [-96], [-196], [-296], [-396], [-95], [-195], [-295], [395], [-103], [-94], [-395, 194, 196, 203], [-203, 395], [-194, 395], [-196, 395], [-304], [404], [-404, 196, 203, 205, 212], [-212, 404], [-196, 404], [-203, 404], [-205, 404], [-312], [-412], [-111], [-211], [-311], [411], [-119], [-110], [-411, 203, 210, 212, 219], [-219, 411], [-203, 411], [-210, 411], [-212, 411], [-320], [-420], [-219], [-319], [-419], [-127], [-118], [-227], [-218], [-327], [-427], [-135], [-126], [-235], [-226]]
TURN_RIGHT
MOVE_FORWARD
Score: -1830
Move to: (6, 5)
[[-99], [-199], [-299], [-399], [-107], [-98], [-207], [-198], [-307], [-407], [-115], [-106], [-215], [-206], [-315], [-415], [-123], [-114], [-223], [-214], [-323], [-423], [-131], [-122], [-231], [-222], [-331], [-431], [-139], [-130], [-239], [-230], [-339], [-439], [-147], [-138], [-247], [-238], [-347], [-447], [-155], [-146], [-255], [-246], [-355], [-455], [-154], [-254], [-354], [-454], [-153], [-253], [-353], [453], [-145], [-152], [-453, 245, 252, 254], [-245, 453], [-252, 453], [-254, 453], [-346], [446], [-446, 238, 245, 247, 254], [-254, 446], [-238, 446], [-245, 446], [-247, 446], [-338], [-438], [-137], [-237], [-337], [437], [-129], [-136], [-437, 229, 236, 238, 245], [-245, 437], [-229, 437], [-236, 437], [-238, 437], [-330], [-430], [-229], [-329], [-429], [-121], [-128], [-221], [-228], [-321], [-421], [-113], [-120], [-213], [-220], [-313], [-413], [-105], [-112], [-205], [-212], [-305], [-405], [-97], [-104], [-197], [-204], [-297], [-397], [-96], [-196], [-296], [-396], [-95], [-195], [-295], [395], [-103], [-94], [-395, 194, 196, 203], [-203, 395], [-194, 395], [-196, 395], [-304], [404], [-404, 196, 203, 205, 212], [-212, 404], [-196, 404], [-203, 404], [-205, 404], [-312], [-412], [-111], [-211], [-311], [411], [-119], [-110], [-411, 203, 210, 212, 219], [-219, 411], [-203, 411], [-210, 411], [-212, 411], [-320], [-420], [-219], [-319], [-419], [-127], [-118], [-227], [-218], [-327], [-427], [-135], [-126], [-235], [-226], [-335], [-435], [-143], [-134], [-243], [-234], [-236]]
TURN_RIGHT
MOVE_FORWARD
Score: -1840
Move to: (7, 5)
PERCEIVE_BREEZE
[[-99], [-199], [-299], [-399], [-107], [-98], [-207], [-198], [-307], [-407], [-115], [-106], [-215], [-206], [-315], [-415], [-123], [-114], [-223], [-214], [-323], [-423], [-131], [-122], [-231], [-222], [-331], [-431], [-139], [-130], [-239], [-230], [-339], [-439], [-147], [-138], [-247], [-238], [-347], [-447], [-155], [-146], [-255], [-246], [-355], [-455], [-154], [-254], [-354], [-454], [-153], [-253], [-353], [453], [-145], [-152], [-453, 245, 252, 254], [-245, 453], [-252, 453], [-254, 453], [-346], [446], [-446, 238, 245, 247, 254], [-254, 446], [-238, 446], [-245, 446], [-247, 446], [-338], [-438], [-137], [-237], [-337], [437], [-129], [-136], [-437, 229, 236, 238, 245], [-245, 437], [-229, 437], [-236, 437], [-238, 437], [-330], [-430], [-229], [-329], [-429], [-121], [-128], [-221], [-228], [-321], [-421], [-113], [-120], [-213], [-220], [-313], [-413], [-105], [-112], [-205], [-212], [-305], [-405], [-97], [-104], [-197], [-204], [-297], [-397], [-96], [-196], [-296], [-396], [-95], [-195], [-295], [395], [-103], [-94], [-395, 194, 196, 203], [-203, 395], [-194, 395], [-196, 395], [-304], [404], [-404, 196, 203, 205, 212], [-212, 404], [-196, 404], [-203, 404], [-205, 404], [-312], [-412], [-111], [-211], [-311], [411], [-119], [-110], [-411, 203, 210, 212, 219], [-219, 411], [-203, 411], [-210, 411], [-212, 411], [-320], [-420], [-219], [-319], [-419], [-127], [-118], [-227], [-218], [-327], [-427], [-135], [-126], [-235], [-226], [-335], [-435], [-143], [-134], [-243], [-234], [-236], [343], [-443], [-343, 135, 142, 144, 151], [-151, 343], [-135, 343], [-142, 343], [-144, 343], [-251], [-242], [-244]]
Infer: (8, 5)
TURN_RIGHT
INFER_PIT
INFER_NOT_PIT
Infer: (7, 6)
TURN_UP
INFER_PIT
INFER_NOT_PIT
Infer: (7, 4)
TURN_DOWN
INFER_PIT
INFER_NOT_PIT
TURN_LEFT
MOVE_FORWARD
Score: -1850
Backtrack: (6, 5)
TURN_UP
MOVE_FORWARD
Score: -1860
Move to: (6, 6)
PERCEIVE_BREEZE
[[-99], [-199], [-299], [-399], [-107], [-98], [-207], [-198], [-307], [-407], [-115], [-106], [-215], [-206], [-315], [-415], [-123], [-114], [-223], [-214], [-323], [-423], [-131], [-122], [-231], [-222], [-331], [-431], [-139], [-130], [-239], [-230], [-339], [-439], [-147], [-138], [-247], [-238], [-347], [-447], [-155], [-146], [-255], [-246], [-355], [-455], [-154], [-254], [-354], [-454], [-153], [-253], [-353], [453], [-145], [-152], [-453, 245, 252, 254], [-245, 453], [-252, 453], [-254, 453], [-346], [446], [-446, 238, 245, 247, 254], [-254, 446], [-238, 446], [-245, 446], [-247, 446], [-338], [-438], [-137], [-237], [-337], [437], [-129], [-136], [-437, 229, 236, 238, 245], [-245, 437], [-229, 437], [-236, 437], [-238, 437], [-330], [-430], [-229], [-329], [-429], [-121], [-128], [-221], [-228], [-321], [-421], [-113], [-120], [-213], [-220], [-313], [-413], [-105], [-112], [-205], [-212], [-305], [-405], [-97], [-104], [-197], [-204], [-297], [-397], [-96], [-196], [-296], [-396], [-95], [-195], [-295], [395], [-103], [-94], [-395, 194, 196, 203], [-203, 395], [-194, 395], [-196, 395], [-304], [404], [-404, 196, 203, 205, 212], [-212, 404], [-196, 404], [-203, 404], [-205, 404], [-312], [-412], [-111], [-211], [-311], [411], [-119], [-110], [-411, 203, 210, 212, 219], [-219, 411], [-203, 411], [-210, 411], [-212, 411], [-320], [-420], [-219], [-319], [-419], [-127], [-118], [-227], [-218], [-327], [-427], [-135], [-126], [-235], [-226], [-335], [-435], [-143], [-134], [-243], [-234], [-236], [343], [-443], [-343, 135, 142, 144, 151], [-151, 343], [-135, 343], [-142, 343], [-144, 343], [-251], [-242], [-244], [334], [-434], [-334, 126, 133, 135, 142], [-142, 334], [-126, 334], [-133, 334], [-135, 334], [-233]]
Infer: (7, 6)
TURN_RIGHT
INFER_PIT
INFER_NOT_PIT
Infer: (5, 6)
TURN_LEFT
INFER_PIT
DETECT_PIT
[[-99], [-199], [-299], [-399], [-107], [-98], [-207], [-198], [-307], [-407], [-115], [-106], [-215], [-206], [-315], [-415], [-123], [-114], [-223], [-214], [-323], [-423], [-131], [-122], [-231], [-222], [-331], [-431], [-139], [-130], [-239], [-230], [-339], [-439], [-147], [-138], [-247], [-238], [-347], [-447], [-155], [-146], [-255], [-246], [-355], [-455], [-154], [-254], [-354], [-454], [-153], [-253], [-353], [453], [-145], [-152], [-453, 245, 252, 254], [-245, 453], [-252, 453], [-254, 453], [-346], [446], [-446, 238, 245, 247, 254], [-254, 446], [-238, 446], [-245, 446], [-247, 446], [-338], [-438], [-137], [-237], [-337], [437], [-129], [-136], [-437, 229, 236, 238, 245], [-245, 437], [-229, 437], [-236, 437], [-238, 437], [-330], [-430], [-229], [-329], [-429], [-121], [-128], [-221], [-228], [-321], [-421], [-113], [-120], [-213], [-220], [-313], [-413], [-105], [-112], [-205], [-212], [-305], [-405], [-97], [-104], [-197], [-204], [-297], [-397], [-96], [-196], [-296], [-396], [-95], [-195], [-295], [395], [-103], [-94], [-395, 194, 196, 203], [-203, 395], [-194, 395], [-196, 395], [-304], [404], [-404, 196, 203, 205, 212], [-212, 404], [-196, 404], [-203, 404], [-205, 404], [-312], [-412], [-111], [-211], [-311], [411], [-119], [-110], [-411, 203, 210, 212, 219], [-219, 411], [-203, 411], [-210, 411], [-212, 411], [-320], [-420], [-219], [-319], [-419], [-127], [-118], [-227], [-218], [-327], [-427], [-135], [-126], [-235], [-226], [-335], [-435], [-143], [-134], [-243], [-234], [-236], [343], [-443], [-343, 135, 142, 144, 151], [-151, 343], [-135, 343], [-142, 343], [-144, 343], [-251], [-242], [-244], [334], [-434], [-334, 126, 133, 135, 142], [-142, 334], [-126, 334], [-133, 334], [-135, 334], [-233], [-326], [-426], [-125], [-225]]
Infer: (6, 7)
TURN_UP
INFER_PIT
INFER_NOT_PIT
TURN_DOWN
MOVE_FORWARD
Score: -1870
Backtrack: (6, 5)
TURN_DOWN
MOVE_FORWARD
Score: -1880
Move to: (6, 4)
[[-99], [-199], [-299], [-399], [-107], [-98], [-207], [-198], [-307], [-407], [-115], [-106], [-215], [-206], [-315], [-415], [-123], [-114], [-223], [-214], [-323], [-423], [-131], [-122], [-231], [-222], [-331], [-431], [-139], [-130], [-239], [-230], [-339], [-439], [-147], [-138], [-247], [-238], [-347], [-447], [-155], [-146], [-255], [-246], [-355], [-455], [-154], [-254], [-354], [-454], [-153], [-253], [-353], [453], [-145], [-152], [-453, 245, 252, 254], [-245, 453], [-252, 453], [-254, 453], [-346], [446], [-446, 238, 245, 247, 254], [-254, 446], [-238, 446], [-245, 446], [-247, 446], [-338], [-438], [-137], [-237], [-337], [437], [-129], [-136], [-437, 229, 236, 238, 245], [-245, 437], [-229, 437], [-236, 437], [-238, 437], [-330], [-430], [-229], [-329], [-429], [-121], [-128], [-221], [-228], [-321], [-421], [-113], [-120], [-213], [-220], [-313], [-413], [-105], [-112], [-205], [-212], [-305], [-405], [-97], [-104], [-197], [-204], [-297], [-397], [-96], [-196], [-296], [-396], [-95], [-195], [-295], [395], [-103], [-94], [-395, 194, 196, 203], [-203, 395], [-194, 395], [-196, 395], [-304], [404], [-404, 196, 203, 205, 212], [-212, 404], [-196, 404], [-203, 404], [-205, 404], [-312], [-412], [-111], [-211], [-311], [411], [-119], [-110], [-411, 203, 210, 212, 219], [-219, 411], [-203, 411], [-210, 411], [-212, 411], [-320], [-420], [-219], [-319], [-419], [-127], [-118], [-227], [-218], [-327], [-427], [-135], [-126], [-235], [-226], [-335], [-435], [-143], [-134], [-243], [-234], [-236], [343], [-443], [-343, 135, 142, 144, 151], [-151, 343], [-135, 343], [-142, 343], [-144, 343], [-251], [-242], [-244], [334], [-434], [-334, 126, 133, 135, 142], [-142, 334], [-126, 334], [-133, 334], [-135, 334], [-233], [-326], [-426], [-125], [-225], [-336], [-436], [-144]]
TURN_RIGHT
MOVE_FORWARD
Score: -1890
Move to: (7, 4)
PERCEIVE_STENCH
ADVANCE MODE: Auto-defending against moving Wumpus!
TURN_RIGHT
SHOOT
Score: -1990
TURN_DOWN
SHOOT
Score: -2090
Fired 2 defensive shots
[[-99], [-199], [-299], [-399], [-107], [-98], [-207], [-198], [-307], [-407], [-115], [-106], [-215], [-206], [-315], [-415], [-123], [-114], [-223], [-214], [-323], [-423], [-131], [-122], [-231], [-222], [-331], [-431], [-139], [-130], [-239], [-230], [-339], [-439], [-147], [-138], [-247], [-238], [-347], [-447], [-155], [-146], [-255], [-246], [-355], [-455], [-154], [-254], [-354], [-454], [-153], [-253], [-353], [453], [-145], [-152], [-453, 245, 252, 254], [-245, 453], [-252, 453], [-254, 453], [-346], [446], [-446, 238, 245, 247, 254], [-254, 446], [-238, 446], [-245, 446], [-247, 446], [-338], [-438], [-137], [-237], [-337], [437], [-129], [-136], [-437, 229, 236, 238, 245], [-245, 437], [-229, 437], [-236, 437], [-238, 437], [-330], [-430], [-229], [-329], [-429], [-121], [-128], [-221], [-228], [-321], [-421], [-113], [-120], [-213], [-220], [-313], [-413], [-105], [-112], [-205], [-212], [-305], [-405], [-97], [-104], [-197], [-204], [-297], [-397], [-96], [-196], [-296], [-396], [-95], [-195], [-295], [395], [-103], [-94], [-395, 194, 196, 203], [-203, 395], [-194, 395], [-196, 395], [-304], [404], [-404, 196, 203, 205, 212], [-212, 404], [-196, 404], [-203, 404], [-205, 404], [-312], [-412], [-111], [-211], [-311], [411], [-119], [-110], [-411, 203, 210, 212, 219], [-219, 411], [-203, 411], [-210, 411], [-212, 411], [-320], [-420], [-219], [-319], [-419], [-127], [-118], [-227], [-218], [-327], [-427], [-135], [-126], [-235], [-226], [-335], [-435], [-143], [-134], [-243], [-234], [-236], [343], [-443], [-343, 135, 142, 144, 151], [-151, 343], [-135, 343], [-142, 343], [-144, 343], [-251], [-242], [-244], [334], [-434], [-334, 126, 133, 135, 142], [-142, 334], [-126, 334], [-133, 334], [-135, 334], [-233], [-326], [-426], [-125], [-225], [-336], [-436], [-144], [-344], [444], [-444, 236, 243, 245, 252], [-252, 444], [-236, 444], [-243, 444], [-245, 444]]
Infer: (8, 4)
TURN_RIGHT
INFER_WUMPUS
INFER_NOT_WUMPUS
Infer: (7, 5)
TURN_UP
INFER_WUMPUS
Infer: (7, 3)
TURN_DOWN
INFER_WUMPUS
INFER_NOT_WUMPUS
TURN_LEFT
MOVE_FORWARD
Score: -2100
Backtrack: (6, 4)
TURN_UP
MOVE_FORWARD
Score: -2110
Backtrack: (6, 5)
TURN_LEFT
MOVE_FORWARD
Score: -2120
Backtrack: (5, 5)
TURN_UP
MOVE_FORWARD
Score: -2130
Move to: (5, 6)
[[-99], [-199], [-299], [-399], [-107], [-98], [-207], [-198], [-307], [-407], [-115], [-106], [-215], [-206], [-315], [-415], [-123], [-114], [-223], [-214], [-323], [-423], [-131], [-122], [-231], [-222], [-331], [-431], [-139], [-130], [-239], [-230], [-339], [-439], [-147], [-138], [-247], [-238], [-347], [-447], [-155], [-146], [-255], [-246], [-355], [-455], [-154], [-254], [-354], [-454], [-153], [-253], [-353], [453], [-145], [-152], [-453, 245, 252, 254], [-245, 453], [-252, 453], [-254, 453], [-346], [446], [-446, 238, 245, 247, 254], [-254, 446], [-238, 446], [-245, 446], [-247, 446], [-338], [-438], [-137], [-237], [-337], [437], [-129], [-136], [-437, 229, 236, 238, 245], [-245, 437], [-229, 437], [-236, 437], [-238, 437], [-330], [-430], [-229], [-329], [-429], [-121], [-128], [-221], [-228], [-321], [-421], [-113], [-120], [-213], [-220], [-313], [-413], [-105], [-112], [-205], [-212], [-305], [-405], [-97], [-104], [-197], [-204], [-297], [-397], [-96], [-196], [-296], [-396], [-95], [-195], [-295], [395], [-103], [-94], [-395, 194, 196, 203], [-203, 395], [-194, 395], [-196, 395], [-304], [404], [-404, 196, 203, 205, 212], [-212, 404], [-196, 404], [-203, 404], [-205, 404], [-312], [-412], [-111], [-211], [-311], [411], [-119], [-110], [-411, 203, 210, 212, 219], [-219, 411], [-203, 411], [-210, 411], [-212, 411], [-320], [-420], [-219], [-319], [-419], [-127], [-118], [-227], [-218], [-327], [-427], [-135], [-126], [-235], [-226], [-335], [-435], [-143], [-134], [-243], [-234], [-236], [343], [-443], [-343, 135, 142, 144, 151], [-151, 343], [-135, 343], [-142, 343], [-144, 343], [-251], [-242], [-244], [334], [-434], [-334, 126, 133, 135, 142], [-142, 334], [-126, 334], [-133, 334], [-135, 334], [-233], [-326], [-426], [-125], [-225], [-336], [-436], [-144], [-344], [444], [-444, 236, 243, 245, 252], [-252, 444], [-236, 444], [-243, 444], [-245, 444]]
TURN_UP
MOVE_FORWARD
Score: -2140
Move to: (5, 7)
[[-99], [-199], [-299], [-399], [-107], [-98], [-207], [-198], [-307], [-407], [-115], [-106], [-215], [-206], [-315], [-415], [-123], [-114], [-223], [-214], [-323], [-423], [-131], [-122], [-231], [-222], [-331], [-431], [-139], [-130], [-239], [-230], [-339], [-439], [-147], [-138], [-247], [-238], [-347], [-447], [-155], [-146], [-255], [-246], [-355], [-455], [-154], [-254], [-354], [-454], [-153], [-253], [-353], [453], [-145], [-152], [-453, 245, 252, 254], [-245, 453], [-252, 453], [-254, 453], [-346], [446], [-446, 238, 245, 247, 254], [-254, 446], [-238, 446], [-245, 446], [-247, 446], [-338], [-438], [-137], [-237], [-337], [437], [-129], [-136], [-437, 229, 236, 238, 245], [-245, 437], [-229, 437], [-236, 437], [-238, 437], [-330], [-430], [-229], [-329], [-429], [-121], [-128], [-221], [-228], [-321], [-421], [-113], [-120], [-213], [-220], [-313], [-413], [-105], [-112], [-205], [-212], [-305], [-405], [-97], [-104], [-197], [-204], [-297], [-397], [-96], [-196], [-296], [-396], [-95], [-195], [-295], [395], [-103], [-94], [-395, 194, 196, 203], [-203, 395], [-194, 395], [-196, 395], [-304], [404], [-404, 196, 203, 205, 212], [-212, 404], [-196, 404], [-203, 404], [-205, 404], [-312], [-412], [-111], [-211], [-311], [411], [-119], [-110], [-411, 203, 210, 212, 219], [-219, 411], [-203, 411], [-210, 411], [-212, 411], [-320], [-420], [-219], [-319], [-419], [-127], [-118], [-227], [-218], [-327], [-427], [-135], [-126], [-235], [-226], [-335], [-435], [-143], [-134], [-243], [-234], [-236], [343], [-443], [-343, 135, 142, 144, 151], [-151, 343], [-135, 343], [-142, 343], [-144, 343], [-251], [-242], [-244], [334], [-434], [-334, 126, 133, 135, 142], [-142, 334], [-126, 334], [-133, 334], [-135, 334], [-233], [-326], [-426], [-125], [-225], [-336], [-436], [-144], [-344], [444], [-444, 236, 243, 245, 252], [-252, 444], [-236, 444], [-243, 444], [-245, 444], [-325], [-425], [-133], [-117], [-124], [-217], [-224]]
TURN_RIGHT
MOVE_FORWARD
Score: -2150
Move to: (6, 7)
[[-99], [-199], [-299], [-399], [-107], [-98], [-207], [-198], [-307], [-407], [-115], [-106], [-215], [-206], [-315], [-415], [-123], [-114], [-223], [-214], [-323], [-423], [-131], [-122], [-231], [-222], [-331], [-431], [-139], [-130], [-239], [-230], [-339], [-439], [-147], [-138], [-247], [-238], [-347], [-447], [-155], [-146], [-255], [-246], [-355], [-455], [-154], [-254], [-354], [-454], [-153], [-253], [-353], [453], [-145], [-152], [-453, 245, 252, 254], [-245, 453], [-252, 453], [-254, 453], [-346], [446], [-446, 238, 245, 247, 254], [-254, 446], [-238, 446], [-245, 446], [-247, 446], [-338], [-438], [-137], [-237], [-337], [437], [-129], [-136], [-437, 229, 236, 238, 245], [-245, 437], [-229, 437], [-236, 437], [-238, 437], [-330], [-430], [-229], [-329], [-429], [-121], [-128], [-221], [-228], [-321], [-421], [-113], [-120], [-213], [-220], [-313], [-413], [-105], [-112], [-205], [-212], [-305], [-405], [-97], [-104], [-197], [-204], [-297], [-397], [-96], [-196], [-296], [-396], [-95], [-195], [-295], [395], [-103], [-94], [-395, 194, 196, 203], [-203, 395], [-194, 395], [-196, 395], [-304], [404], [-404, 196, 203, 205, 212], [-212, 404], [-196, 404], [-203, 404], [-205, 404], [-312], [-412], [-111], [-211], [-311], [411], [-119], [-110], [-411, 203, 210, 212, 219], [-219, 411], [-203, 411], [-210, 411], [-212, 411], [-320], [-420], [-219], [-319], [-419], [-127], [-118], [-227], [-218], [-327], [-427], [-135], [-126], [-235], [-226], [-335], [-435], [-143], [-134], [-243], [-234], [-236], [343], [-443], [-343, 135, 142, 144, 151], [-151, 343], [-135, 343], [-142, 343], [-144, 343], [-251], [-242], [-244], [334], [-434], [-334, 126, 133, 135, 142], [-142, 334], [-126, 334], [-133, 334], [-135, 334], [-233], [-326], [-426], [-125], [-225], [-336], [-436], [-144], [-344], [444], [-444, 236, 243, 245, 252], [-252, 444], [-236, 444], [-243, 444], [-245, 444], [-325], [-425], [-133], [-117], [-124], [-217], [-224], [-333], [-433], [-141], [-132], [-241], [-232]]
TURN_RIGHT
MOVE_FORWARD
Score: -2160
Move to: (7, 7)
PERCEIVE_BREEZE
[[-99], [-199], [-299], [-399], [-107], [-98], [-207], [-198], [-307], [-407], [-115], [-106], [-215], [-206], [-315], [-415], [-123], [-114], [-223], [-214], [-323], [-423], [-131], [-122], [-231], [-222], [-331], [-431], [-139], [-130], [-239], [-230], [-339], [-439], [-147], [-138], [-247], [-238], [-347], [-447], [-155], [-146], [-255], [-246], [-355], [-455], [-154], [-254], [-354], [-454], [-153], [-253], [-353], [453], [-145], [-152], [-453, 245, 252, 254], [-245, 453], [-252, 453], [-254, 453], [-346], [446], [-446, 238, 245, 247, 254], [-254, 446], [-238, 446], [-245, 446], [-247, 446], [-338], [-438], [-137], [-237], [-337], [437], [-129], [-136], [-437, 229, 236, 238, 245], [-245, 437], [-229, 437], [-236, 437], [-238, 437], [-330], [-430], [-229], [-329], [-429], [-121], [-128], [-221], [-228], [-321], [-421], [-113], [-120], [-213], [-220], [-313], [-413], [-105], [-112], [-205], [-212], [-305], [-405], [-97], [-104], [-197], [-204], [-297], [-397], [-96], [-196], [-296], [-396], [-95], [-195], [-295], [395], [-103], [-94], [-395, 194, 196, 203], [-203, 395], [-194, 395], [-196, 395], [-304], [404], [-404, 196, 203, 205, 212], [-212, 404], [-196, 404], [-203, 404], [-205, 404], [-312], [-412], [-111], [-211], [-311], [411], [-119], [-110], [-411, 203, 210, 212, 219], [-219, 411], [-203, 411], [-210, 411], [-212, 411], [-320], [-420], [-219], [-319], [-419], [-127], [-118], [-227], [-218], [-327], [-427], [-135], [-126], [-235], [-226], [-335], [-435], [-143], [-134], [-243], [-234], [-236], [343], [-443], [-343, 135, 142, 144, 151], [-151, 343], [-135, 343], [-142, 343], [-144, 343], [-251], [-242], [-244], [334], [-434], [-334, 126, 133, 135, 142], [-142, 334], [-126, 334], [-133, 334], [-135, 334], [-233], [-326], [-426], [-125], [-225], [-336], [-436], [-144], [-344], [444], [-444, 236, 243, 245, 252], [-252, 444], [-236, 444], [-243, 444], [-245, 444], [-325], [-425], [-133], [-117], [-124], [-217], [-224], [-333], [-433], [-141], [-132], [-241], [-232], [341], [-441], [-341, 133, 140, 142, 149], [-149, 341], [-133, 341], [-140, 341], [-142, 341], [-249], [-240]]
Infer: (8, 7)
TURN_RIGHT
INFER_PIT
INFER_NOT_PIT
Infer: (7, 8)
TURN_UP
INFER_PIT
INFER_NOT_PIT
Infer: (7, 6)
TURN_DOWN
INFER_PIT
INFER_NOT_PIT
TURN_LEFT
MOVE_FORWARD
Score: -2170
Backtrack: (6, 7)
TURN_UP
MOVE_FORWARD
Score: -2180
Move to: (6, 8)
[[-99], [-199], [-299], [-399], [-107], [-98], [-207], [-198], [-307], [-407], [-115], [-106], [-215], [-206], [-315], [-415], [-123], [-114], [-223], [-214], [-323], [-423], [-131], [-122], [-231], [-222], [-331], [-431], [-139], [-130], [-239], [-230], [-339], [-439], [-147], [-138], [-247], [-238], [-347], [-447], [-155], [-146], [-255], [-246], [-355], [-455], [-154], [-254], [-354], [-454], [-153], [-253], [-353], [453], [-145], [-152], [-453, 245, 252, 254], [-245, 453], [-252, 453], [-254, 453], [-346], [446], [-446, 238, 245, 247, 254], [-254, 446], [-238, 446], [-245, 446], [-247, 446], [-338], [-438], [-137], [-237], [-337], [437], [-129], [-136], [-437, 229, 236, 238, 245], [-245, 437], [-229, 437], [-236, 437], [-238, 437], [-330], [-430], [-229], [-329], [-429], [-121], [-128], [-221], [-228], [-321], [-421], [-113], [-120], [-213], [-220], [-313], [-413], [-105], [-112], [-205], [-212], [-305], [-405], [-97], [-104], [-197], [-204], [-297], [-397], [-96], [-196], [-296], [-396], [-95], [-195], [-295], [395], [-103], [-94], [-395, 194, 196, 203], [-203, 395], [-194, 395], [-196, 395], [-304], [404], [-404, 196, 203, 205, 212], [-212, 404], [-196, 404], [-203, 404], [-205, 404], [-312], [-412], [-111], [-211], [-311], [411], [-119], [-110], [-411, 203, 210, 212, 219], [-219, 411], [-203, 411], [-210, 411], [-212, 411], [-320], [-420], [-219], [-319], [-419], [-127], [-118], [-227], [-218], [-327], [-427], [-135], [-126], [-235], [-226], [-335], [-435], [-143], [-134], [-243], [-234], [-236], [343], [-443], [-343, 135, 142, 144, 151], [-151, 343], [-135, 343], [-142, 343], [-144, 343], [-251], [-242], [-244], [334], [-434], [-334, 126, 133, 135, 142], [-142, 334], [-126, 334], [-133, 334], [-135, 334], [-233], [-326], [-426], [-125], [-225], [-336], [-436], [-144], [-344], [444], [-444, 236, 243, 245, 252], [-252, 444], [-236, 444], [-243, 444], [-245, 444], [-325], [-425], [-133], [-117], [-124], [-217], [-224], [-333], [-433], [-141], [-132], [-241], [-232], [341], [-441], [-341, 133, 140, 142, 149], [-149, 341], [-133, 341], [-140, 341], [-142, 341], [-249], [-240], [-332], [-432], [-140]]
TURN_RIGHT
MOVE_FORWARD
Score: -2190
Move to: (7, 8)
[[-99], [-199], [-299], [-399], [-107], [-98], [-207], [-198], [-307], [-407], [-115], [-106], [-215], [-206], [-315], [-415], [-123], [-114], [-223], [-214], [-323], [-423], [-131], [-122], [-231], [-222], [-331], [-431], [-139], [-130], [-239], [-230], [-339], [-439], [-147], [-138], [-247], [-238], [-347], [-447], [-155], [-146], [-255], [-246], [-355], [-455], [-154], [-254], [-354], [-454], [-153], [-253], [-353], [453], [-145], [-152], [-453, 245, 252, 254], [-245, 453], [-252, 453], [-254, 453], [-346], [446], [-446, 238, 245, 247, 254], [-254, 446], [-238, 446], [-245, 446], [-247, 446], [-338], [-438], [-137], [-237], [-337], [437], [-129], [-136], [-437, 229, 236, 238, 245], [-245, 437], [-229, 437], [-236, 437], [-238, 437], [-330], [-430], [-229], [-329], [-429], [-121], [-128], [-221], [-228], [-321], [-421], [-113], [-120], [-213], [-220], [-313], [-413], [-105], [-112], [-205], [-212], [-305], [-405], [-97], [-104], [-197], [-204], [-297], [-397], [-96], [-196], [-296], [-396], [-95], [-195], [-295], [395], [-103], [-94], [-395, 194, 196, 203], [-203, 395], [-194, 395], [-196, 395], [-304], [404], [-404, 196, 203, 205, 212], [-212, 404], [-196, 404], [-203, 404], [-205, 404], [-312], [-412], [-111], [-211], [-311], [411], [-119], [-110], [-411, 203, 210, 212, 219], [-219, 411], [-203, 411], [-210, 411], [-212, 411], [-320], [-420], [-219], [-319], [-419], [-127], [-118], [-227], [-218], [-327], [-427], [-135], [-126], [-235], [-226], [-335], [-435], [-143], [-134], [-243], [-234], [-236], [343], [-443], [-343, 135, 142, 144, 151], [-151, 343], [-135, 343], [-142, 343], [-144, 343], [-251], [-242], [-244], [334], [-434], [-334, 126, 133, 135, 142], [-142, 334], [-126, 334], [-133, 334], [-135, 334], [-233], [-326], [-426], [-125], [-225], [-336], [-436], [-144], [-344], [444], [-444, 236, 243, 245, 252], [-252, 444], [-236, 444], [-243, 444], [-245, 444], [-325], [-425], [-133], [-117], [-124], [-217], [-224], [-333], [-433], [-141], [-132], [-241], [-232], [341], [-441], [-341, 133, 140, 142, 149], [-149, 341], [-133, 341], [-140, 341], [-142, 341], [-249], [-240], [-332], [-432], [-140], [-340], [-440], [-148], [-248]]
TURN_RIGHT
MOVE_FORWARD
Score: -2200
Move to: (8, 8)
PERCEIVE_BREEZE
[[-99], [-199], [-299], [-399], [-107], [-98], [-207], [-198], [-307], [-407], [-115], [-106], [-215], [-206], [-315], [-415], [-123], [-114], [-223], [-214], [-323], [-423], [-131], [-122], [-231], [-222], [-331], [-431], [-139], [-130], [-239], [-230], [-339], [-439], [-147], [-138], [-247], [-238], [-347], [-447], [-155], [-146], [-255], [-246], [-355], [-455], [-154], [-254], [-354], [-454], [-153], [-253], [-353], [453], [-145], [-152], [-453, 245, 252, 254], [-245, 453], [-252, 453], [-254, 453], [-346], [446], [-446, 238, 245, 247, 254], [-254, 446], [-238, 446], [-245, 446], [-247, 446], [-338], [-438], [-137], [-237], [-337], [437], [-129], [-136], [-437, 229, 236, 238, 245], [-245, 437], [-229, 437], [-236, 437], [-238, 437], [-330], [-430], [-229], [-329], [-429], [-121], [-128], [-221], [-228], [-321], [-421], [-113], [-120], [-213], [-220], [-313], [-413], [-105], [-112], [-205], [-212], [-305], [-405], [-97], [-104], [-197], [-204], [-297], [-397], [-96], [-196], [-296], [-396], [-95], [-195], [-295], [395], [-103], [-94], [-395, 194, 196, 203], [-203, 395], [-194, 395], [-196, 395], [-304], [404], [-404, 196, 203, 205, 212], [-212, 404], [-196, 404], [-203, 404], [-205, 404], [-312], [-412], [-111], [-211], [-311], [411], [-119], [-110], [-411, 203, 210, 212, 219], [-219, 411], [-203, 411], [-210, 411], [-212, 411], [-320], [-420], [-219], [-319], [-419], [-127], [-118], [-227], [-218], [-327], [-427], [-135], [-126], [-235], [-226], [-335], [-435], [-143], [-134], [-243], [-234], [-236], [343], [-443], [-343, 135, 142, 144, 151], [-151, 343], [-135, 343], [-142, 343], [-144, 343], [-251], [-242], [-244], [334], [-434], [-334, 126, 133, 135, 142], [-142, 334], [-126, 334], [-133, 334], [-135, 334], [-233], [-326], [-426], [-125], [-225], [-336], [-436], [-144], [-344], [444], [-444, 236, 243, 245, 252], [-252, 444], [-236, 444], [-243, 444], [-245, 444], [-325], [-425], [-133], [-117], [-124], [-217], [-224], [-333], [-433], [-141], [-132], [-241], [-232], [341], [-441], [-341, 133, 140, 142, 149], [-149, 341], [-133, 341], [-140, 341], [-142, 341], [-249], [-240], [-332], [-432], [-140], [-340], [-440], [-148], [-248], [348], [-448], [-348, 140, 149], [-140, 348], [-149, 348]]
Infer: (8, 7)
TURN_DOWN
INFER_PIT
INFER_NOT_PIT
TURN_LEFT
MOVE_FORWARD
Score: -2210
Backtrack: (7, 8)
TURN_LEFT
MOVE_FORWARD
Score: -2220
Backtrack: (6, 8)
TURN_DOWN
MOVE_FORWARD
Score: -2230
Backtrack: (6, 7)
TURN_LEFT
MOVE_FORWARD
Score: -2240
Backtrack: (5, 7)
TURN_LEFT
MOVE_FORWARD
Score: -2250
Move to: (4, 7)
[[-99], [-199], [-299], [-399], [-107], [-98], [-207], [-198], [-307], [-407], [-115], [-106], [-215], [-206], [-315], [-415], [-123], [-114], [-223], [-214], [-323], [-423], [-131], [-122], [-231], [-222], [-331], [-431], [-139], [-130], [-239], [-230], [-339], [-439], [-147], [-138], [-247], [-238], [-347], [-447], [-155], [-146], [-255], [-246], [-355], [-455], [-154], [-254], [-354], [-454], [-153], [-253], [-353], [453], [-145], [-152], [-453, 245, 252, 254], [-245, 453], [-252, 453], [-254, 453], [-346], [446], [-446, 238, 245, 247, 254], [-254, 446], [-238, 446], [-245, 446], [-247, 446], [-338], [-438], [-137], [-237], [-337], [437], [-129], [-136], [-437, 229, 236, 238, 245], [-245, 437], [-229, 437], [-236, 437], [-238, 437], [-330], [-430], [-229], [-329], [-429], [-121], [-128], [-221], [-228], [-321], [-421], [-113], [-120], [-213], [-220], [-313], [-413], [-105], [-112], [-205], [-212], [-305], [-405], [-97], [-104], [-197], [-204], [-297], [-397], [-96], [-196], [-296], [-396], [-95], [-195], [-295], [395], [-103], [-94], [-395, 194, 196, 203], [-203, 395], [-194, 395], [-196, 395], [-304], [404], [-404, 196, 203, 205, 212], [-212, 404], [-196, 404], [-203, 404], [-205, 404], [-312], [-412], [-111], [-211], [-311], [411], [-119], [-110], [-411, 203, 210, 212, 219], [-219, 411], [-203, 411], [-210, 411], [-212, 411], [-320], [-420], [-219], [-319], [-419], [-127], [-118], [-227], [-218], [-327], [-427], [-135], [-126], [-235], [-226], [-335], [-435], [-143], [-134], [-243], [-234], [-236], [343], [-443], [-343, 135, 142, 144, 151], [-151, 343], [-135, 343], [-142, 343], [-144, 343], [-251], [-242], [-244], [334], [-434], [-334, 126, 133, 135, 142], [-142, 334], [-126, 334], [-133, 334], [-135, 334], [-233], [-326], [-426], [-125], [-225], [-336], [-436], [-144], [-344], [444], [-444, 236, 243, 245, 252], [-252, 444], [-236, 444], [-243, 444], [-245, 444], [-325], [-425], [-133], [-117], [-124], [-217], [-224], [-333], [-433], [-141], [-132], [-241], [-232], [341], [-441], [-341, 133, 140, 142, 149], [-149, 341], [-133, 341], [-140, 341], [-142, 341], [-249], [-240], [-332], [-432], [-140], [-340], [-440], [-148], [-248], [348], [-448], [-348, 140, 149], [-140, 348], [-149, 348], [-317], [-417], [-109], [-116], [-209], [-216]]
TURN_LEFT
MOVE_FORWARD
Score: -2260
Move to: (3, 7)
PERCEIVE_STENCH
ADVANCE MODE: Auto-defending against moving Wumpus!
TURN_LEFT
SHOOT
Score: -2360
TURN_UP
SHOOT
Score: -2460
TURN_DOWN
SHOOT
Score: -2560
Fired 3 defensive shots
[[-99], [-199], [-299], [-399], [-107], [-98], [-207], [-198], [-307], [-407], [-115], [-106], [-215], [-206], [-315], [-415], [-123], [-114], [-223], [-214], [-323], [-423], [-131], [-122], [-231], [-222], [-331], [-431], [-139], [-130], [-239], [-230], [-339], [-439], [-147], [-138], [-247], [-238], [-347], [-447], [-155], [-146], [-255], [-246], [-355], [-455], [-154], [-254], [-354], [-454], [-153], [-253], [-353], [453], [-145], [-152], [-453, 245, 252, 254], [-245, 453], [-252, 453], [-254, 453], [-346], [446], [-446, 238, 245, 247, 254], [-254, 446], [-238, 446], [-245, 446], [-247, 446], [-338], [-438], [-137], [-237], [-337], [437], [-129], [-136], [-437, 229, 236, 238, 245], [-245, 437], [-229, 437], [-236, 437], [-238, 437], [-330], [-430], [-229], [-329], [-429], [-121], [-128], [-221], [-228], [-321], [-421], [-113], [-120], [-213], [-220], [-313], [-413], [-105], [-112], [-205], [-212], [-305], [-405], [-97], [-104], [-197], [-204], [-297], [-397], [-96], [-196], [-296], [-396], [-95], [-195], [-295], [395], [-103], [-94], [-395, 194, 196, 203], [-203, 395], [-194, 395], [-196, 395], [-304], [404], [-404, 196, 203, 205, 212], [-212, 404], [-196, 404], [-203, 404], [-205, 404], [-312], [-412], [-111], [-211], [-311], [411], [-119], [-110], [-411, 203, 210, 212, 219], [-219, 411], [-203, 411], [-210, 411], [-212, 411], [-320], [-420], [-219], [-319], [-419], [-127], [-118], [-227], [-218], [-327], [-427], [-135], [-126], [-235], [-226], [-335], [-435], [-143], [-134], [-243], [-234], [-236], [343], [-443], [-343, 135, 142, 144, 151], [-151, 343], [-135, 343], [-142, 343], [-144, 343], [-251], [-242], [-244], [334], [-434], [-334, 126, 133, 135, 142], [-142, 334], [-126, 334], [-133, 334], [-135, 334], [-233], [-326], [-426], [-125], [-225], [-336], [-436], [-144], [-344], [444], [-444, 236, 243, 245, 252], [-252, 444], [-236, 444], [-243, 444], [-245, 444], [-325], [-425], [-133], [-117], [-124], [-217], [-224], [-333], [-433], [-141], [-132], [-241], [-232], [341], [-441], [-341, 133, 140, 142, 149], [-149, 341], [-133, 341], [-140, 341], [-142, 341], [-249], [-240], [-332], [-432], [-140], [-340], [-440], [-148], [-248], [348], [-448], [-348, 140, 149], [-140, 348], [-149, 348], [-317], [-417], [-109], [-116], [-209], [-216], [-309], [409], [-101], [-108], [-409, 201, 208, 210, 217], [-217, 409], [-201, 409], [-208, 409], [-210, 409]]
Infer: (2, 7)
TURN_LEFT
INFER_WUMPUS
INFER_NOT_WUMPUS
Infer: (3, 8)
TURN_UP
INFER_WUMPUS
INFER_NOT_WUMPUS
Infer: (3, 6)
TURN_DOWN
INFER_WUMPUS
INFER_NOT_WUMPUS
TURN_RIGHT
MOVE_FORWARD
Score: -2570
Backtrack: (4, 7)
TURN_UP
MOVE_FORWARD
Score: -2580
Move to: (4, 8)
PERCEIVE_STENCH
ADVANCE MODE: Auto-defending against moving Wumpus!
TURN_RIGHT
SHOOT
Score: -2680
TURN_LEFT
SHOOT
Score: -2780
Fired 2 defensive shots
[[-99], [-199], [-299], [-399], [-107], [-98], [-207], [-198], [-307], [-407], [-115], [-106], [-215], [-206], [-315], [-415], [-123], [-114], [-223], [-214], [-323], [-423], [-131], [-122], [-231], [-222], [-331], [-431], [-139], [-130], [-239], [-230], [-339], [-439], [-147], [-138], [-247], [-238], [-347], [-447], [-155], [-146], [-255], [-246], [-355], [-455], [-154], [-254], [-354], [-454], [-153], [-253], [-353], [453], [-145], [-152], [-453, 245, 252, 254], [-245, 453], [-252, 453], [-254, 453], [-346], [446], [-446, 238, 245, 247, 254], [-254, 446], [-238, 446], [-245, 446], [-247, 446], [-338], [-438], [-137], [-237], [-337], [437], [-129], [-136], [-437, 229, 236, 238, 245], [-245, 437], [-229, 437], [-236, 437], [-238, 437], [-330], [-430], [-229], [-329], [-429], [-121], [-128], [-221], [-228], [-321], [-421], [-113], [-120], [-213], [-220], [-313], [-413], [-105], [-112], [-205], [-212], [-305], [-405], [-97], [-104], [-197], [-204], [-297], [-397], [-96], [-196], [-296], [-396], [-95], [-195], [-295], [395], [-103], [-94], [-395, 194, 196, 203], [-203, 395], [-194, 395], [-196, 395], [-304], [404], [-404, 196, 203, 205, 212], [-212, 404], [-196, 404], [-203, 404], [-205, 404], [-312], [-412], [-111], [-211], [-311], [411], [-119], [-110], [-411, 203, 210, 212, 219], [-219, 411], [-203, 411], [-210, 411], [-212, 411], [-320], [-420], [-219], [-319], [-419], [-127], [-118], [-227], [-218], [-327], [-427], [-135], [-126], [-235], [-226], [-335], [-435], [-143], [-134], [-243], [-234], [-236], [343], [-443], [-343, 135, 142, 144, 151], [-151, 343], [-135, 343], [-142, 343], [-144, 343], [-251], [-242], [-244], [334], [-434], [-334, 126, 133, 135, 142], [-142, 334], [-126, 334], [-133, 334], [-135, 334], [-233], [-326], [-426], [-125], [-225], [-336], [-436], [-144], [-344], [444], [-444, 236, 243, 245, 252], [-252, 444], [-236, 444], [-243, 444], [-245, 444], [-325], [-425], [-133], [-117], [-124], [-217], [-224], [-333], [-433], [-141], [-132], [-241], [-232], [341], [-441], [-341, 133, 140, 142, 149], [-149, 341], [-133, 341], [-140, 341], [-142, 341], [-249], [-240], [-332], [-432], [-140], [-340], [-440], [-148], [-248], [348], [-448], [-348, 140, 149], [-140, 348], [-149, 348], [-317], [-417], [-109], [-116], [-209], [-216], [-309], [409], [-101], [-108], [-409, 201, 208, 210, 217], [-217, 409], [-201, 409], [-208, 409], [-210, 409], [-316], [416], [-416, 208, 217, 224], [-224, 416], [-208, 416], [-217, 416]]
Infer: (5, 8)
TURN_RIGHT
INFER_WUMPUS
Infer: (3, 8)
TURN_LEFT
INFER_WUMPUS
INFER_NOT_WUMPUS
TURN_DOWN
MOVE_FORWARD
Score: -2790
Backtrack: (4, 7)
TURN_RIGHT
MOVE_FORWARD
Score: -2800
Backtrack: (5, 7)
TURN_UP
MOVE_FORWARD
Score: -2810
Move to: (5, 8)
[[-99], [-199], [-299], [-399], [-107], [-98], [-207], [-198], [-307], [-407], [-115], [-106], [-215], [-206], [-315], [-415], [-123], [-114], [-223], [-214], [-323], [-423], [-131], [-122], [-231], [-222], [-331], [-431], [-139], [-130], [-239], [-230], [-339], [-439], [-147], [-138], [-247], [-238], [-347], [-447], [-155], [-146], [-255], [-246], [-355], [-455], [-154], [-254], [-354], [-454], [-153], [-253], [-353], [453], [-145], [-152], [-453, 245, 252, 254], [-245, 453], [-252, 453], [-254, 453], [-346], [446], [-446, 238, 245, 247, 254], [-254, 446], [-238, 446], [-245, 446], [-247, 446], [-338], [-438], [-137], [-237], [-337], [437], [-129], [-136], [-437, 229, 236, 238, 245], [-245, 437], [-229, 437], [-236, 437], [-238, 437], [-330], [-430], [-229], [-329], [-429], [-121], [-128], [-221], [-228], [-321], [-421], [-113], [-120], [-213], [-220], [-313], [-413], [-105], [-112], [-205], [-212], [-305], [-405], [-97], [-104], [-197], [-204], [-297], [-397], [-96], [-196], [-296], [-396], [-95], [-195], [-295], [395], [-103], [-94], [-395, 194, 196, 203], [-203, 395], [-194, 395], [-196, 395], [-304], [404], [-404, 196, 203, 205, 212], [-212, 404], [-196, 404], [-203, 404], [-205, 404], [-312], [-412], [-111], [-211], [-311], [411], [-119], [-110], [-411, 203, 210, 212, 219], [-219, 411], [-203, 411], [-210, 411], [-212, 411], [-320], [-420], [-219], [-319], [-419], [-127], [-118], [-227], [-218], [-327], [-427], [-135], [-126], [-235], [-226], [-335], [-435], [-143], [-134], [-243], [-234], [-236], [343], [-443], [-343, 135, 142, 144, 151], [-151, 343], [-135, 343], [-142, 343], [-144, 343], [-251], [-242], [-244], [334], [-434], [-334, 126, 133, 135, 142], [-142, 334], [-126, 334], [-133, 334], [-135, 334], [-233], [-326], [-426], [-125], [-225], [-336], [-436], [-144], [-344], [444], [-444, 236, 243, 245, 252], [-252, 444], [-236, 444], [-243, 444], [-245, 444], [-325], [-425], [-133], [-117], [-124], [-217], [-224], [-333], [-433], [-141], [-132], [-241], [-232], [341], [-441], [-341, 133, 140, 142, 149], [-149, 341], [-133, 341], [-140, 341], [-142, 341], [-249], [-240], [-332], [-432], [-140], [-340], [-440], [-148], [-248], [348], [-448], [-348, 140, 149], [-140, 348], [-149, 348], [-317], [-417], [-109], [-116], [-209], [-216], [-309], [409], [-101], [-108], [-409, 201, 208, 210, 217], [-217, 409], [-201, 409], [-208, 409], [-210, 409], [-316], [416], [-416, 208, 217, 224], [-224, 416], [-208, 416], [-217, 416], [-324], [-424]]
TURN_DOWN
MOVE_FORWARD
Score: -2820
Backtrack: (5, 7)
TURN_DOWN
MOVE_FORWARD
Score: -2830
Backtrack: (5, 6)
TURN_DOWN
MOVE_FORWARD
Score: -2840
Backtrack: (5, 5)
TURN_LEFT
MOVE_FORWARD
Score: -2850
Backtrack: (4, 5)
TURN_UP
MOVE_FORWARD
Score: -2860
Move to: (4, 6)
[[-99], [-199], [-299], [-399], [-107], [-98], [-207], [-198], [-307], [-407], [-115], [-106], [-215], [-206], [-315], [-415], [-123], [-114], [-223], [-214], [-323], [-423], [-131], [-122], [-231], [-222], [-331], [-431], [-139], [-130], [-239], [-230], [-339], [-439], [-147], [-138], [-247], [-238], [-347], [-447], [-155], [-146], [-255], [-246], [-355], [-455], [-154], [-254], [-354], [-454], [-153], [-253], [-353], [453], [-145], [-152], [-453, 245, 252, 254], [-245, 453], [-252, 453], [-254, 453], [-346], [446], [-446, 238, 245, 247, 254], [-254, 446], [-238, 446], [-245, 446], [-247, 446], [-338], [-438], [-137], [-237], [-337], [437], [-129], [-136], [-437, 229, 236, 238, 245], [-245, 437], [-229, 437], [-236, 437], [-238, 437], [-330], [-430], [-229], [-329], [-429], [-121], [-128], [-221], [-228], [-321], [-421], [-113], [-120], [-213], [-220], [-313], [-413], [-105], [-112], [-205], [-212], [-305], [-405], [-97], [-104], [-197], [-204], [-297], [-397], [-96], [-196], [-296], [-396], [-95], [-195], [-295], [395], [-103], [-94], [-395, 194, 196, 203], [-203, 395], [-194, 395], [-196, 395], [-304], [404], [-404, 196, 203, 205, 212], [-212, 404], [-196, 404], [-203, 404], [-205, 404], [-312], [-412], [-111], [-211], [-311], [411], [-119], [-110], [-411, 203, 210, 212, 219], [-219, 411], [-203, 411], [-210, 411], [-212, 411], [-320], [-420], [-219], [-319], [-419], [-127], [-118], [-227], [-218], [-327], [-427], [-135], [-126], [-235], [-226], [-335], [-435], [-143], [-134], [-243], [-234], [-236], [343], [-443], [-343, 135, 142, 144, 151], [-151, 343], [-135, 343], [-142, 343], [-144, 343], [-251], [-242], [-244], [334], [-434], [-334, 126, 133, 135, 142], [-142, 334], [-126, 334], [-133, 334], [-135, 334], [-233], [-326], [-426], [-125], [-225], [-336], [-436], [-144], [-344], [444], [-444, 236, 243, 245, 252], [-252, 444], [-236, 444], [-243, 444], [-245, 444], [-325], [-425], [-133], [-117], [-124], [-217], [-224], [-333], [-433], [-141], [-132], [-241], [-232], [341], [-441], [-341, 133, 140, 142, 149], [-149, 341], [-133, 341], [-140, 341], [-142, 341], [-249], [-240], [-332], [-432], [-140], [-340], [-440], [-148], [-248], [348], [-448], [-348, 140, 149], [-140, 348], [-149, 348], [-317], [-417], [-109], [-116], [-209], [-216], [-309], [409], [-101], [-108], [-409, 201, 208, 210, 217], [-217, 409], [-201, 409], [-208, 409], [-210, 409], [-316], [416], [-416, 208, 217, 224], [-224, 416], [-208, 416], [-217, 416], [-324], [-424], [-318], [-418], [-210]]
TURN_LEFT
MOVE_FORWARD
Score: -2870
Move to: (3, 6)
[[-99], [-199], [-299], [-399], [-107], [-98], [-207], [-198], [-307], [-407], [-115], [-106], [-215], [-206], [-315], [-415], [-123], [-114], [-223], [-214], [-323], [-423], [-131], [-122], [-231], [-222], [-331], [-431], [-139], [-130], [-239], [-230], [-339], [-439], [-147], [-138], [-247], [-238], [-347], [-447], [-155], [-146], [-255], [-246], [-355], [-455], [-154], [-254], [-354], [-454], [-153], [-253], [-353], [453], [-145], [-152], [-453, 245, 252, 254], [-245, 453], [-252, 453], [-254, 453], [-346], [446], [-446, 238, 245, 247, 254], [-254, 446], [-238, 446], [-245, 446], [-247, 446], [-338], [-438], [-137], [-237], [-337], [437], [-129], [-136], [-437, 229, 236, 238, 245], [-245, 437], [-229, 437], [-236, 437], [-238, 437], [-330], [-430], [-229], [-329], [-429], [-121], [-128], [-221], [-228], [-321], [-421], [-113], [-120], [-213], [-220], [-313], [-413], [-105], [-112], [-205], [-212], [-305], [-405], [-97], [-104], [-197], [-204], [-297], [-397], [-96], [-196], [-296], [-396], [-95], [-195], [-295], [395], [-103], [-94], [-395, 194, 196, 203], [-203, 395], [-194, 395], [-196, 395], [-304], [404], [-404, 196, 203, 205, 212], [-212, 404], [-196, 404], [-203, 404], [-205, 404], [-312], [-412], [-111], [-211], [-311], [411], [-119], [-110], [-411, 203, 210, 212, 219], [-219, 411], [-203, 411], [-210, 411], [-212, 411], [-320], [-420], [-219], [-319], [-419], [-127], [-118], [-227], [-218], [-327], [-427], [-135], [-126], [-235], [-226], [-335], [-435], [-143], [-134], [-243], [-234], [-236], [343], [-443], [-343, 135, 142, 144, 151], [-151, 343], [-135, 343], [-142, 343], [-144, 343], [-251], [-242], [-244], [334], [-434], [-334, 126, 133, 135, 142], [-142, 334], [-126, 334], [-133, 334], [-135, 334], [-233], [-326], [-426], [-125], [-225], [-336], [-436], [-144], [-344], [444], [-444, 236, 243, 245, 252], [-252, 444], [-236, 444], [-243, 444], [-245, 444], [-325], [-425], [-133], [-117], [-124], [-217], [-224], [-333], [-433], [-141], [-132], [-241], [-232], [341], [-441], [-341, 133, 140, 142, 149], [-149, 341], [-133, 341], [-140, 341], [-142, 341], [-249], [-240], [-332], [-432], [-140], [-340], [-440], [-148], [-248], [348], [-448], [-348, 140, 149], [-140, 348], [-149, 348], [-317], [-417], [-109], [-116], [-209], [-216], [-309], [409], [-101], [-108], [-409, 201, 208, 210, 217], [-217, 409], [-201, 409], [-208, 409], [-210, 409], [-316], [416], [-416, 208, 217, 224], [-224, 416], [-208, 416], [-217, 416], [-324], [-424], [-318], [-418], [-210], [-310], [-410], [-102], [-202]]
TURN_LEFT
MOVE_FORWARD
Score: -2880
Move to: (2, 6)
PERCEIVE_STENCH
ADVANCE MODE: Auto-defending against moving Wumpus!
TURN_LEFT
SHOOT
Score: -2980
TURN_UP
SHOOT
Score: -3080
TURN_DOWN
SHOOT
Score: -3180
Fired 3 defensive shots
[[-99], [-199], [-299], [-399], [-107], [-98], [-207], [-198], [-307], [-407], [-115], [-106], [-215], [-206], [-315], [-415], [-123], [-114], [-223], [-214], [-323], [-423], [-131], [-122], [-231], [-222], [-331], [-431], [-139], [-130], [-239], [-230], [-339], [-439], [-147], [-138], [-247], [-238], [-347], [-447], [-155], [-146], [-255], [-246], [-355], [-455], [-154], [-254], [-354], [-454], [-153], [-253], [-353], [453], [-145], [-152], [-453, 245, 252, 254], [-245, 453], [-252, 453], [-254, 453], [-346], [446], [-446, 238, 245, 247, 254], [-254, 446], [-238, 446], [-245, 446], [-247, 446], [-338], [-438], [-137], [-237], [-337], [437], [-129], [-136], [-437, 229, 236, 238, 245], [-245, 437], [-229, 437], [-236, 437], [-238, 437], [-330], [-430], [-229], [-329], [-429], [-121], [-128], [-221], [-228], [-321], [-421], [-113], [-120], [-213], [-220], [-313], [-413], [-105], [-112], [-205], [-212], [-305], [-405], [-97], [-104], [-197], [-204], [-297], [-397], [-96], [-196], [-296], [-396], [-95], [-195], [-295], [395], [-103], [-94], [-395, 194, 196, 203], [-203, 395], [-194, 395], [-196, 395], [-304], [404], [-404, 196, 203, 205, 212], [-212, 404], [-196, 404], [-203, 404], [-205, 404], [-312], [-412], [-111], [-211], [-311], [411], [-119], [-110], [-411, 203, 210, 212, 219], [-219, 411], [-203, 411], [-210, 411], [-212, 411], [-320], [-420], [-219], [-319], [-419], [-127], [-118], [-227], [-218], [-327], [-427], [-135], [-126], [-235], [-226], [-335], [-435], [-143], [-134], [-243], [-234], [-236], [343], [-443], [-343, 135, 142, 144, 151], [-151, 343], [-135, 343], [-142, 343], [-144, 343], [-251], [-242], [-244], [334], [-434], [-334, 126, 133, 135, 142], [-142, 334], [-126, 334], [-133, 334], [-135, 334], [-233], [-326], [-426], [-125], [-225], [-336], [-436], [-144], [-344], [444], [-444, 236, 243, 245, 252], [-252, 444], [-236, 444], [-243, 444], [-245, 444], [-325], [-425], [-133], [-117], [-124], [-217], [-224], [-333], [-433], [-141], [-132], [-241], [-232], [341], [-441], [-341, 133, 140, 142, 149], [-149, 341], [-133, 341], [-140, 341], [-142, 341], [-249], [-240], [-332], [-432], [-140], [-340], [-440], [-148], [-248], [348], [-448], [-348, 140, 149], [-140, 348], [-149, 348], [-317], [-417], [-109], [-116], [-209], [-216], [-309], [409], [-101], [-108], [-409, 201, 208, 210, 217], [-217, 409], [-201, 409], [-208, 409], [-210, 409], [-316], [416], [-416, 208, 217, 224], [-224, 416], [-208, 416], [-217, 416], [-324], [-424], [-318], [-418], [-210], [-310], [-410], [-102], [-202], [-302], [402], [-402, 194, 201, 203, 210], [-210, 402], [-194, 402], [-201, 402], [-203, 402]]
Infer: (1, 6)
TURN_LEFT
INFER_WUMPUS
INFER_NOT_WUMPUS
Infer: (2, 7)
TURN_UP
INFER_WUMPUS
INFER_NOT_WUMPUS
Infer: (2, 5)
TURN_DOWN
INFER_WUMPUS
INFER_NOT_WUMPUS
TURN_RIGHT
MOVE_FORWARD
Score: -3190
Backtrack: (3, 6)
TURN_RIGHT
MOVE_FORWARD
Score: -3200
Backtrack: (4, 6)
TURN_DOWN
MOVE_FORWARD
Score: -3210
Backtrack: (4, 5)
TURN_DOWN
MOVE_FORWARD
Score: -3220
Backtrack: (4, 4)
TURN_DOWN
MOVE_FORWARD
Score: -3230
Backtrack: (4, 3)
TURN_RIGHT
MOVE_FORWARD
Score: -3240
Backtrack: (5, 3)
TURN_UP
MOVE_FORWARD
Score: -3250
Move to: (5, 4)
GRAB_GOLD
Score: -3150
[[-99], [-199], [-299], [-399], [-107], [-98], [-207], [-198], [-307], [-407], [-115], [-106], [-215], [-206], [-315], [-415], [-123], [-114], [-223], [-214], [-323], [-423], [-131], [-122], [-231], [-222], [-331], [-431], [-139], [-130], [-239], [-230], [-339], [-439], [-147], [-138], [-247], [-238], [-347], [-447], [-155], [-146], [-255], [-246], [-355], [-455], [-154], [-254], [-354], [-454], [-153], [-253], [-353], [453], [-145], [-152], [-453, 245, 252, 254], [-245, 453], [-252, 453], [-254, 453], [-346], [446], [-446, 238, 245, 247, 254], [-254, 446], [-238, 446], [-245, 446], [-247, 446], [-338], [-438], [-137], [-237], [-337], [437], [-129], [-136], [-437, 229, 236, 238, 245], [-245, 437], [-229, 437], [-236, 437], [-238, 437], [-330], [-430], [-229], [-329], [-429], [-121], [-128], [-221], [-228], [-321], [-421], [-113], [-120], [-213], [-220], [-313], [-413], [-105], [-112], [-205], [-212], [-305], [-405], [-97], [-104], [-197], [-204], [-297], [-397], [-96], [-196], [-296], [-396], [-95], [-195], [-295], [395], [-103], [-94], [-395, 194, 196, 203], [-203, 395], [-194, 395], [-196, 395], [-304], [404], [-404, 196, 203, 205, 212], [-212, 404], [-196, 404], [-203, 404], [-205, 404], [-312], [-412], [-111], [-211], [-311], [411], [-119], [-110], [-411, 203, 210, 212, 219], [-219, 411], [-203, 411], [-210, 411], [-212, 411], [-320], [-420], [-219], [-319], [-419], [-127], [-118], [-227], [-218], [-327], [-427], [-135], [-126], [-235], [-226], [-335], [-435], [-143], [-134], [-243], [-234], [-236], [343], [-443], [-343, 135, 142, 144, 151], [-151, 343], [-135, 343], [-142, 343], [-144, 343], [-251], [-242], [-244], [334], [-434], [-334, 126, 133, 135, 142], [-142, 334], [-126, 334], [-133, 334], [-135, 334], [-233], [-326], [-426], [-125], [-225], [-336], [-436], [-144], [-344], [444], [-444, 236, 243, 245, 252], [-252, 444], [-236, 444], [-243, 444], [-245, 444], [-325], [-425], [-133], [-117], [-124], [-217], [-224], [-333], [-433], [-141], [-132], [-241], [-232], [341], [-441], [-341, 133, 140, 142, 149], [-149, 341], [-133, 341], [-140, 341], [-142, 341], [-249], [-240], [-332], [-432], [-140], [-340], [-440], [-148], [-248], [348], [-448], [-348, 140, 149], [-140, 348], [-149, 348], [-317], [-417], [-109], [-116], [-209], [-216], [-309], [409], [-101], [-108], [-409, 201, 208, 210, 217], [-217, 409], [-201, 409], [-208, 409], [-210, 409], [-316], [416], [-416, 208, 217, 224], [-224, 416], [-208, 416], [-217, 416], [-324], [-424], [-318], [-418], [-210], [-310], [-410], [-102], [-202], [-302], [402], [-402, 194, 201, 203, 210], [-210, 402], [-194, 402], [-201, 402], [-203, 402], [-328], [-428]]
TURN_DOWN
MOVE_FORWARD
Score: -3160
Backtrack: (5, 3)
TURN_DOWN
MOVE_FORWARD
Score: -3170
Backtrack: (5, 2)
TURN_DOWN
MOVE_FORWARD
Score: -3180
Backtrack: (5, 1)
TURN_LEFT
MOVE_FORWARD
Score: -3190
Backtrack: (4, 1)
TURN_UP
MOVE_FORWARD
Score: -3200
Move to: (4, 2)
[[-99], [-199], [-299], [-399], [-107], [-98], [-207], [-198], [-307], [-407], [-115], [-106], [-215], [-206], [-315], [-415], [-123], [-114], [-223], [-214], [-323], [-423], [-131], [-122], [-231], [-222], [-331], [-431], [-139], [-130], [-239], [-230], [-339], [-439], [-147], [-138], [-247], [-238], [-347], [-447], [-155], [-146], [-255], [-246], [-355], [-455], [-154], [-254], [-354], [-454], [-153], [-253], [-353], [453], [-145], [-152], [-453, 245, 252, 254], [-245, 453], [-252, 453], [-254, 453], [-346], [446], [-446, 238, 245, 247, 254], [-254, 446], [-238, 446], [-245, 446], [-247, 446], [-338], [-438], [-137], [-237], [-337], [437], [-129], [-136], [-437, 229, 236, 238, 245], [-245, 437], [-229, 437], [-236, 437], [-238, 437], [-330], [-430], [-229], [-329], [-429], [-121], [-128], [-221], [-228], [-321], [-421], [-113], [-120], [-213], [-220], [-313], [-413], [-105], [-112], [-205], [-212], [-305], [-405], [-97], [-104], [-197], [-204], [-297], [-397], [-96], [-196], [-296], [-396], [-95], [-195], [-295], [395], [-103], [-94], [-395, 194, 196, 203], [-203, 395], [-194, 395], [-196, 395], [-304], [404], [-404, 196, 203, 205, 212], [-212, 404], [-196, 404], [-203, 404], [-205, 404], [-312], [-412], [-111], [-211], [-311], [411], [-119], [-110], [-411, 203, 210, 212, 219], [-219, 411], [-203, 411], [-210, 411], [-212, 411], [-320], [-420], [-219], [-319], [-419], [-127], [-118], [-227], [-218], [-327], [-427], [-135], [-126], [-235], [-226], [-335], [-435], [-143], [-134], [-243], [-234], [-236], [343], [-443], [-343, 135, 142, 144, 151], [-151, 343], [-135, 343], [-142, 343], [-144, 343], [-251], [-242], [-244], [334], [-434], [-334, 126, 133, 135, 142], [-142, 334], [-126, 334], [-133, 334], [-135, 334], [-233], [-326], [-426], [-125], [-225], [-336], [-436], [-144], [-344], [444], [-444, 236, 243, 245, 252], [-252, 444], [-236, 444], [-243, 444], [-245, 444], [-325], [-425], [-133], [-117], [-124], [-217], [-224], [-333], [-433], [-141], [-132], [-241], [-232], [341], [-441], [-341, 133, 140, 142, 149], [-149, 341], [-133, 341], [-140, 341], [-142, 341], [-249], [-240], [-332], [-432], [-140], [-340], [-440], [-148], [-248], [348], [-448], [-348, 140, 149], [-140, 348], [-149, 348], [-317], [-417], [-109], [-116], [-209], [-216], [-309], [409], [-101], [-108], [-409, 201, 208, 210, 217], [-217, 409], [-201, 409], [-208, 409], [-210, 409], [-316], [416], [-416, 208, 217, 224], [-224, 416], [-208, 416], [-217, 416], [-324], [-424], [-318], [-418], [-210], [-310], [-410], [-102], [-202], [-302], [402], [-402, 194, 201, 203, 210], [-210, 402], [-194, 402], [-201, 402], [-203, 402], [-328], [-428], [-322], [-422]]
TURN_DOWN
MOVE_FORWARD
Score: -3210
Backtrack: (4, 1)
TURN_LEFT
MOVE_FORWARD
Score: -3220
Backtrack: (3, 1)
TURN_UP
MOVE_FORWARD
Score: -3230
Move to: (3, 2)
[[-99], [-199], [-299], [-399], [-107], [-98], [-207], [-198], [-307], [-407], [-115], [-106], [-215], [-206], [-315], [-415], [-123], [-114], [-223], [-214], [-323], [-423], [-131], [-122], [-231], [-222], [-331], [-431], [-139], [-130], [-239], [-230], [-339], [-439], [-147], [-138], [-247], [-238], [-347], [-447], [-155], [-146], [-255], [-246], [-355], [-455], [-154], [-254], [-354], [-454], [-153], [-253], [-353], [453], [-145], [-152], [-453, 245, 252, 254], [-245, 453], [-252, 453], [-254, 453], [-346], [446], [-446, 238, 245, 247, 254], [-254, 446], [-238, 446], [-245, 446], [-247, 446], [-338], [-438], [-137], [-237], [-337], [437], [-129], [-136], [-437, 229, 236, 238, 245], [-245, 437], [-229, 437], [-236, 437], [-238, 437], [-330], [-430], [-229], [-329], [-429], [-121], [-128], [-221], [-228], [-321], [-421], [-113], [-120], [-213], [-220], [-313], [-413], [-105], [-112], [-205], [-212], [-305], [-405], [-97], [-104], [-197], [-204], [-297], [-397], [-96], [-196], [-296], [-396], [-95], [-195], [-295], [395], [-103], [-94], [-395, 194, 196, 203], [-203, 395], [-194, 395], [-196, 395], [-304], [404], [-404, 196, 203, 205, 212], [-212, 404], [-196, 404], [-203, 404], [-205, 404], [-312], [-412], [-111], [-211], [-311], [411], [-119], [-110], [-411, 203, 210, 212, 219], [-219, 411], [-203, 411], [-210, 411], [-212, 411], [-320], [-420], [-219], [-319], [-419], [-127], [-118], [-227], [-218], [-327], [-427], [-135], [-126], [-235], [-226], [-335], [-435], [-143], [-134], [-243], [-234], [-236], [343], [-443], [-343, 135, 142, 144, 151], [-151, 343], [-135, 343], [-142, 343], [-144, 343], [-251], [-242], [-244], [334], [-434], [-334, 126, 133, 135, 142], [-142, 334], [-126, 334], [-133, 334], [-135, 334], [-233], [-326], [-426], [-125], [-225], [-336], [-436], [-144], [-344], [444], [-444, 236, 243, 245, 252], [-252, 444], [-236, 444], [-243, 444], [-245, 444], [-325], [-425], [-133], [-117], [-124], [-217], [-224], [-333], [-433], [-141], [-132], [-241], [-232], [341], [-441], [-341, 133, 140, 142, 149], [-149, 341], [-133, 341], [-140, 341], [-142, 341], [-249], [-240], [-332], [-432], [-140], [-340], [-440], [-148], [-248], [348], [-448], [-348, 140, 149], [-140, 348], [-149, 348], [-317], [-417], [-109], [-116], [-209], [-216], [-309], [409], [-101], [-108], [-409, 201, 208, 210, 217], [-217, 409], [-201, 409], [-208, 409], [-210, 409], [-316], [416], [-416, 208, 217, 224], [-224, 416], [-208, 416], [-217, 416], [-324], [-424], [-318], [-418], [-210], [-310], [-410], [-102], [-202], [-302], [402], [-402, 194, 201, 203, 210], [-210, 402], [-194, 402], [-201, 402], [-203, 402], [-328], [-428], [-322], [-422], [-314], [-414]]
TURN_DOWN
MOVE_FORWARD
Score: -3240
Backtrack: (3, 1)
TURN_LEFT
MOVE_FORWARD
Score: -3250
Backtrack: (2, 1)
TURN_UP
MOVE_FORWARD
Score: -3260
Move to: (2, 2)
GRAB_GOLD
Score: -3160
[[-99], [-199], [-299], [-399], [-107], [-98], [-207], [-198], [-307], [-407], [-115], [-106], [-215], [-206], [-315], [-415], [-123], [-114], [-223], [-214], [-323], [-423], [-131], [-122], [-231], [-222], [-331], [-431], [-139], [-130], [-239], [-230], [-339], [-439], [-147], [-138], [-247], [-238], [-347], [-447], [-155], [-146], [-255], [-246], [-355], [-455], [-154], [-254], [-354], [-454], [-153], [-253], [-353], [453], [-145], [-152], [-453, 245, 252, 254], [-245, 453], [-252, 453], [-254, 453], [-346], [446], [-446, 238, 245, 247, 254], [-254, 446], [-238, 446], [-245, 446], [-247, 446], [-338], [-438], [-137], [-237], [-337], [437], [-129], [-136], [-437, 229, 236, 238, 245], [-245, 437], [-229, 437], [-236, 437], [-238, 437], [-330], [-430], [-229], [-329], [-429], [-121], [-128], [-221], [-228], [-321], [-421], [-113], [-120], [-213], [-220], [-313], [-413], [-105], [-112], [-205], [-212], [-305], [-405], [-97], [-104], [-197], [-204], [-297], [-397], [-96], [-196], [-296], [-396], [-95], [-195], [-295], [395], [-103], [-94], [-395, 194, 196, 203], [-203, 395], [-194, 395], [-196, 395], [-304], [404], [-404, 196, 203, 205, 212], [-212, 404], [-196, 404], [-203, 404], [-205, 404], [-312], [-412], [-111], [-211], [-311], [411], [-119], [-110], [-411, 203, 210, 212, 219], [-219, 411], [-203, 411], [-210, 411], [-212, 411], [-320], [-420], [-219], [-319], [-419], [-127], [-118], [-227], [-218], [-327], [-427], [-135], [-126], [-235], [-226], [-335], [-435], [-143], [-134], [-243], [-234], [-236], [343], [-443], [-343, 135, 142, 144, 151], [-151, 343], [-135, 343], [-142, 343], [-144, 343], [-251], [-242], [-244], [334], [-434], [-334, 126, 133, 135, 142], [-142, 334], [-126, 334], [-133, 334], [-135, 334], [-233], [-326], [-426], [-125], [-225], [-336], [-436], [-144], [-344], [444], [-444, 236, 243, 245, 252], [-252, 444], [-236, 444], [-243, 444], [-245, 444], [-325], [-425], [-133], [-117], [-124], [-217], [-224], [-333], [-433], [-141], [-132], [-241], [-232], [341], [-441], [-341, 133, 140, 142, 149], [-149, 341], [-133, 341], [-140, 341], [-142, 341], [-249], [-240], [-332], [-432], [-140], [-340], [-440], [-148], [-248], [348], [-448], [-348, 140, 149], [-140, 348], [-149, 348], [-317], [-417], [-109], [-116], [-209], [-216], [-309], [409], [-101], [-108], [-409, 201, 208, 210, 217], [-217, 409], [-201, 409], [-208, 409], [-210, 409], [-316], [416], [-416, 208, 217, 224], [-224, 416], [-208, 416], [-217, 416], [-324], [-424], [-318], [-418], [-210], [-310], [-410], [-102], [-202], [-302], [402], [-402, 194, 201, 203, 210], [-210, 402], [-194, 402], [-201, 402], [-203, 402], [-328], [-428], [-322], [-422], [-314], [-414], [-306], [-406]]
TURN_DOWN
MOVE_FORWARD
Score: -3170
Backtrack: (2, 1)
TURN_LEFT
MOVE_FORWARD
Score: -3180
Backtrack: (1, 1)
TURN_UP
MOVE_FORWARD
Score: -3190
Move to: (1, 2)
[[-99], [-199], [-299], [-399], [-107], [-98], [-207], [-198], [-307], [-407], [-115], [-106], [-215], [-206], [-315], [-415], [-123], [-114], [-223], [-214], [-323], [-423], [-131], [-122], [-231], [-222], [-331], [-431], [-139], [-130], [-239], [-230], [-339], [-439], [-147], [-138], [-247], [-238], [-347], [-447], [-155], [-146], [-255], [-246], [-355], [-455], [-154], [-254], [-354], [-454], [-153], [-253], [-353], [453], [-145], [-152], [-453, 245, 252, 254], [-245, 453], [-252, 453], [-254, 453], [-346], [446], [-446, 238, 245, 247, 254], [-254, 446], [-238, 446], [-245, 446], [-247, 446], [-338], [-438], [-137], [-237], [-337], [437], [-129], [-136], [-437, 229, 236, 238, 245], [-245, 437], [-229, 437], [-236, 437], [-238, 437], [-330], [-430], [-229], [-329], [-429], [-121], [-128], [-221], [-228], [-321], [-421], [-113], [-120], [-213], [-220], [-313], [-413], [-105], [-112], [-205], [-212], [-305], [-405], [-97], [-104], [-197], [-204], [-297], [-397], [-96], [-196], [-296], [-396], [-95], [-195], [-295], [395], [-103], [-94], [-395, 194, 196, 203], [-203, 395], [-194, 395], [-196, 395], [-304], [404], [-404, 196, 203, 205, 212], [-212, 404], [-196, 404], [-203, 404], [-205, 404], [-312], [-412], [-111], [-211], [-311], [411], [-119], [-110], [-411, 203, 210, 212, 219], [-219, 411], [-203, 411], [-210, 411], [-212, 411], [-320], [-420], [-219], [-319], [-419], [-127], [-118], [-227], [-218], [-327], [-427], [-135], [-126], [-235], [-226], [-335], [-435], [-143], [-134], [-243], [-234], [-236], [343], [-443], [-343, 135, 142, 144, 151], [-151, 343], [-135, 343], [-142, 343], [-144, 343], [-251], [-242], [-244], [334], [-434], [-334, 126, 133, 135, 142], [-142, 334], [-126, 334], [-133, 334], [-135, 334], [-233], [-326], [-426], [-125], [-225], [-336], [-436], [-144], [-344], [444], [-444, 236, 243, 245, 252], [-252, 444], [-236, 444], [-243, 444], [-245, 444], [-325], [-425], [-133], [-117], [-124], [-217], [-224], [-333], [-433], [-141], [-132], [-241], [-232], [341], [-441], [-341, 133, 140, 142, 149], [-149, 341], [-133, 341], [-140, 341], [-142, 341], [-249], [-240], [-332], [-432], [-140], [-340], [-440], [-148], [-248], [348], [-448], [-348, 140, 149], [-140, 348], [-149, 348], [-317], [-417], [-109], [-116], [-209], [-216], [-309], [409], [-101], [-108], [-409, 201, 208, 210, 217], [-217, 409], [-201, 409], [-208, 409], [-210, 409], [-316], [416], [-416, 208, 217, 224], [-224, 416], [-208, 416], [-217, 416], [-324], [-424], [-318], [-418], [-210], [-310], [-410], [-102], [-202], [-302], [402], [-402, 194, 201, 203, 210], [-210, 402], [-194, 402], [-201, 402], [-203, 402], [-328], [-428], [-322], [-422], [-314], [-414], [-306], [-406], [-298], [-398]]
TURN_DOWN
MOVE_FORWARD
Score: -3200
Backtrack: (1, 1)
