[[-999], [-1999], [-2999], [-3999], [-1009], [-998], [-2009], [-1998]]
TURN_UP
MOVE_FORWARD
Score: -10
Move to: (1, 2)
GRAB_GOLD
Score: 90
[[-999], [-1999], [-2999], [-3999], [-1009], [-998], [-2009], [-1998], [-2998], [-3998], [-1008], [-997], [-2008], [-1997]]
TURN_UP
MOVE_FORWARD
Score: 80
Move to: (1, 3)
[[-999], [-1999], [-2999], [-3999], [-1009], [-998], [-2009], [-1998], [-2998], [-3998], [-1008], [-997], [-2008], [-1997], [-2997], [-3997], [-1007], [-996], [-2007], [-1996]]
TURN_UP
MOVE_FORWARD
Score: 70
Move to: (1, 4)
GRAB_GOLD
Score: 170
[[-999], [-1999], [-2999], [-3999], [-1009], [-998], [-2009], [-1998], [-2998], [-3998], [-1008], [-997], [-2008], [-1997], [-2997], [-3997], [-1007], [-996], [-2007], [-1996], [-2996], [-3996], [-1006], [-995], [-2006], [-1995]]
TURN_UP
MOVE_FORWARD
Score: 160
Move to: (1, 5)
[[-999], [-1999], [-2999], [-3999], [-1009], [-998], [-2009], [-1998], [-2998], [-3998], [-1008], [-997], [-2008], [-1997], [-2997], [-3997], [-1007], [-996], [-2007], [-1996], [-2996], [-3996], [-1006], [-995], [-2006], [-1995], [-2995], [-3995], [-1005], [-994], [-2005], [-1994]]
TURN_UP
MOVE_FORWARD
Score: 150
Move to: (1, 6)
[[-999], [-1999], [-2999], [-3999], [-1009], [-998], [-2009], [-1998], [-2998], [-3998], [-1008], [-997], [-2008], [-1997], [-2997], [-3997], [-1007], [-996], [-2007], [-1996], [-2996], [-3996], [-1006], [-995], [-2006], [-1995], [-2995], [-3995], [-1005], [-994], [-2005], [-1994], [-2994], [-3994], [-1004], [-993], [-2004], [-1993]]
TURN_UP
MOVE_FORWARD
Score: 140
Move to: (1, 7)
PERCEIVE_STENCH
[[-999], [-1999], [-2999], [-3999], [-1009], [-998], [-2009], [-1998], [-2998], [-3998], [-1008], [-997], [-2008], [-1997], [-2997], [-3997], [-1007], [-996], [-2007], [-1996], [-2996], [-3996], [-1006], [-995], [-2006], [-1995], [-2995], [-3995], [-1005], [-994], [-2005], [-1994], [-2994], [-3994], [-1004], [-993], [-2004], [-1993], [-2993], [3993], [-1003], [-992], [-3993, 1992, 1994, 2003], [-2003, 3993], [-1992, 3993], [-1994, 3993]]
Infer: (2, 7)
TURN_RIGHT
INFER_WUMPUS
INFER_NOT_WUMPUS
Infer: (1, 8)
TURN_UP
INFER_WUMPUS
INFER_NOT_WUMPUS
Try: (2, 7)
TURN_RIGHT
SHOOT
Score: 40
KB: [[-999], [-1999], [-2999], [-3999], [-1009], [-998], [-2009], [-1998], [-2998], [-3998], [-1008], [-997], [-2008], [-1997], [-2997], [-3997], [-1007], [-996], [-2007], [-1996], [-2996], [-3996], [-1006], [-995], [-2006], [-1995], [-2995], [-3995], [-1005], [-994], [-2005], [-1994], [-2994], [-3994], [-1004], [-993], [-2004], [-1993], [-2993], [-1003], [-992], [-4013], [-3993], [-4002], [-4004]]
TURN_RIGHT
MOVE_FORWARD
Score: 30
Move to: (2, 7)
[[-999], [-1999], [-2999], [-3999], [-1009], [-998], [-2009], [-1998], [-2998], [-3998], [-1008], [-997], [-2008], [-1997], [-2997], [-3997], [-1007], [-996], [-2007], [-1996], [-2996], [-3996], [-1006], [-995], [-2006], [-1995], [-2995], [-3995], [-1005], [-994], [-2005], [-1994], [-2994], [-3994], [-1004], [-993], [-2004], [-1993], [-2993], [-1003], [-992], [-4013], [-3993], [-4002], [-4004], [-2003], [-3003], [-4003], [-1013], [-1002], [-2013], [-2002]]
TURN_UP
MOVE_FORWARD
Score: 20
Move to: (2, 8)
[[-999], [-1999], [-2999], [-3999], [-1009], [-998], [-2009], [-1998], [-2998], [-3998], [-1008], [-997], [-2008], [-1997], [-2997], [-3997], [-1007], [-996], [-2007], [-1996], [-2996], [-3996], [-1006], [-995], [-2006], [-1995], [-2995], [-3995], [-1005], [-994], [-2005], [-1994], [-2994], [-3994], [-1004], [-993], [-2004], [-1993], [-2993], [-1003], [-992], [-4013], [-3993], [-4002], [-4004], [-2003], [-3003], [-4003], [-1013], [-1002], [-2013], [-2002], [-3002], [-1012], [-1001], [-2012], [-1992], [-2001]]
TURN_UP
MOVE_FORWARD
Score: 10
Move to: (2, 9)
[[-999], [-1999], [-2999], [-3999], [-1009], [-998], [-2009], [-1998], [-2998], [-3998], [-1008], [-997], [-2008], [-1997], [-2997], [-3997], [-1007], [-996], [-2007], [-1996], [-2996], [-3996], [-1006], [-995], [-2006], [-1995], [-2995], [-3995], [-1005], [-994], [-2005], [-1994], [-2994], [-3994], [-1004], [-993], [-2004], [-1993], [-2993], [-1003], [-992], [-4013], [-3993], [-4002], [-4004], [-2003], [-3003], [-4003], [-1013], [-1002], [-2013], [-2002], [-3002], [-1012], [-1001], [-2012], [-1992], [-2001], [-3001], [-4001], [-1011], [-991], [-1000], [-2011], [-1991], [-2000]]
TURN_LEFT
MOVE_FORWARD
Score: 0
Move to: (1, 9)
[[-999], [-1999], [-2999], [-3999], [-1009], [-998], [-2009], [-1998], [-2998], [-3998], [-1008], [-997], [-2008], [-1997], [-2997], [-3997], [-1007], [-996], [-2007], [-1996], [-2996], [-3996], [-1006], [-995], [-2006], [-1995], [-2995], [-3995], [-1005], [-994], [-2005], [-1994], [-2994], [-3994], [-1004], [-993], [-2004], [-1993], [-2993], [-1003], [-992], [-4013], [-3993], [-4002], [-4004], [-2003], [-3003], [-4003], [-1013], [-1002], [-2013], [-2002], [-3002], [-1012], [-1001], [-2012], [-1992], [-2001], [-3001], [-4001], [-1011], [-991], [-1000], [-2011], [-1991], [-2000], [-2991], [-3991], [-990], [-1990]]
TURN_UP
MOVE_FORWARD
Score: -10
Move to: (1, 10)
GRAB_GOLD
Score: 90
[[-999], [-1999], [-2999], [-3999], [-1009], [-998], [-2009], [-1998], [-2998], [-3998], [-1008], [-997], [-2008], [-1997], [-2997], [-3997], [-1007], [-996], [-2007], [-1996], [-2996], [-3996], [-1006], [-995], [-2006], [-1995], [-2995], [-3995], [-1005], [-994], [-2005], [-1994], [-2994], [-3994], [-1004], [-993], [-2004], [-1993], [-2993], [-1003], [-992], [-4013], [-3993], [-4002], [-4004], [-2003], [-3003], [-4003], [-1013], [-1002], [-2013], [-2002], [-3002], [-1012], [-1001], [-2012], [-1992], [-2001], [-3001], [-4001], [-1011], [-991], [-1000], [-2011], [-1991], [-2000], [-2991], [-3991], [-990], [-1990], [-2990], [-3990]]
TURN_DOWN
MOVE_FORWARD
Score: 80
Backtrack: (1, 9)
TURN_RIGHT
MOVE_FORWARD
Score: 70
Backtrack: (2, 9)
TURN_RIGHT
MOVE_FORWARD
Score: 60
Move to: (3, 9)
PERCEIVE_STENCH
[[-999], [-1999], [-2999], [-3999], [-1009], [-998], [-2009], [-1998], [-2998], [-3998], [-1008], [-997], [-2008], [-1997], [-2997], [-3997], [-1007], [-996], [-2007], [-1996], [-2996], [-3996], [-1006], [-995], [-2006], [-1995], [-2995], [-3995], [-1005], [-994], [-2005], [-1994], [-2994], [-3994], [-1004], [-993], [-2004], [-1993], [-2993], [-1003], [-992], [-4013], [-3993], [-4002], [-4004], [-2003], [-3003], [-4003], [-1013], [-1002], [-2013], [-2002], [-3002], [-1012], [-1001], [-2012], [-1992], [-2001], [-3001], [-4001], [-1011], [-991], [-1000], [-2011], [-1991], [-2000], [-2991], [-3991], [-990], [-1990], [-2990], [-3990], [-3011], [4011], [-1021], [-1010], [-4011, 2001, 2010, 2012, 2021], [-2021, 4011], [-2001, 4011], [-2010, 4011], [-2012, 4011]]
Infer: (4, 9)
TURN_RIGHT
INFER_WUMPUS
INFER_NOT_WUMPUS
Infer: (3, 10)
TURN_UP
INFER_WUMPUS
INFER_NOT_WUMPUS
Infer: (3, 8)
TURN_DOWN
INFER_WUMPUS
INFER_NOT_WUMPUS
DETECT_NO_WUMPUS
Try: (4, 9)
TURN_RIGHT
SHOOT
Score: -40
Try: (3, 10)
TURN_UP
SHOOT
Score: -140
KB: [[-999], [-1999], [-2999], [-3999], [-1009], [-998], [-2009], [-1998], [-2998], [-3998], [-1008], [-997], [-2008], [-1997], [-2997], [-3997], [-1007], [-996], [-2007], [-1996], [-2996], [-3996], [-1006], [-995], [-2006], [-1995], [-2995], [-3995], [-1005], [-994], [-2005], [-1994], [-2994], [-3994], [-1004], [-993], [-2004], [-1993], [-2993], [-1003], [-992], [-4013], [-3993], [-4002], [-4004], [-2003], [-3003], [-4003], [-1013], [-1002], [-2013], [-2002], [-3002], [-1012], [-1001], [-2012], [-1992], [-2001], [-3001], [-4001], [-1011], [-991], [-1000], [-2011], [-1991], [-2000], [-2991], [-3991], [-990], [-1990], [-2990], [-3990], [-3011], [-1021], [-1010], [-4020], [-4000], [-4011]]
TURN_UP
MOVE_FORWARD
Score: -150
Move to: (3, 10)
[[-999], [-1999], [-2999], [-3999], [-1009], [-998], [-2009], [-1998], [-2998], [-3998], [-1008], [-997], [-2008], [-1997], [-2997], [-3997], [-1007], [-996], [-2007], [-1996], [-2996], [-3996], [-1006], [-995], [-2006], [-1995], [-2995], [-3995], [-1005], [-994], [-2005], [-1994], [-2994], [-3994], [-1004], [-993], [-2004], [-1993], [-2993], [-1003], [-992], [-4013], [-3993], [-4002], [-4004], [-2003], [-3003], [-4003], [-1013], [-1002], [-2013], [-2002], [-3002], [-1012], [-1001], [-2012], [-1992], [-2001], [-3001], [-4001], [-1011], [-991], [-1000], [-2011], [-1991], [-2000], [-2991], [-3991], [-990], [-1990], [-2990], [-3990], [-3011], [-1021], [-1010], [-4020], [-4000], [-4011], [-2010], [-3010], [-4010], [-1020], [-2020]]
TURN_RIGHT
MOVE_FORWARD
Score: -160
Move to: (4, 10)
[[-999], [-1999], [-2999], [-3999], [-1009], [-998], [-2009], [-1998], [-2998], [-3998], [-1008], [-997], [-2008], [-1997], [-2997], [-3997], [-1007], [-996], [-2007], [-1996], [-2996], [-3996], [-1006], [-995], [-2006], [-1995], [-2995], [-3995], [-1005], [-994], [-2005], [-1994], [-2994], [-3994], [-1004], [-993], [-2004], [-1993], [-2993], [-1003], [-992], [-4013], [-3993], [-4002], [-4004], [-2003], [-3003], [-4003], [-1013], [-1002], [-2013], [-2002], [-3002], [-1012], [-1001], [-2012], [-1992], [-2001], [-3001], [-4001], [-1011], [-991], [-1000], [-2011], [-1991], [-2000], [-2991], [-3991], [-990], [-1990], [-2990], [-3990], [-3011], [-1021], [-1010], [-4020], [-4000], [-4011], [-2010], [-3010], [-4010], [-1020], [-2020], [-3020], [-1030], [-2030], [-2021]]
TURN_RIGHT
MOVE_FORWARD
Score: -170
Move to: (5, 10)
[[-999], [-1999], [-2999], [-3999], [-1009], [-998], [-2009], [-1998], [-2998], [-3998], [-1008], [-997], [-2008], [-1997], [-2997], [-3997], [-1007], [-996], [-2007], [-1996], [-2996], [-3996], [-1006], [-995], [-2006], [-1995], [-2995], [-3995], [-1005], [-994], [-2005], [-1994], [-2994], [-3994], [-1004], [-993], [-2004], [-1993], [-2993], [-1003], [-992], [-4013], [-3993], [-4002], [-4004], [-2003], [-3003], [-4003], [-1013], [-1002], [-2013], [-2002], [-3002], [-1012], [-1001], [-2012], [-1992], [-2001], [-3001], [-4001], [-1011], [-991], [-1000], [-2011], [-1991], [-2000], [-2991], [-3991], [-990], [-1990], [-2990], [-3990], [-3011], [-1021], [-1010], [-4020], [-4000], [-4011], [-2010], [-3010], [-4010], [-1020], [-2020], [-3020], [-1030], [-2030], [-2021], [-3030], [-4030], [-1040], [-1031], [-2040], [-2031]]
TURN_RIGHT
MOVE_FORWARD
Score: -180
Move to: (6, 10)
[[-999], [-1999], [-2999], [-3999], [-1009], [-998], [-2009], [-1998], [-2998], [-3998], [-1008], [-997], [-2008], [-1997], [-2997], [-3997], [-1007], [-996], [-2007], [-1996], [-2996], [-3996], [-1006], [-995], [-2006], [-1995], [-2995], [-3995], [-1005], [-994], [-2005], [-1994], [-2994], [-3994], [-1004], [-993], [-2004], [-1993], [-2993], [-1003], [-992], [-4013], [-3993], [-4002], [-4004], [-2003], [-3003], [-4003], [-1013], [-1002], [-2013], [-2002], [-3002], [-1012], [-1001], [-2012], [-1992], [-2001], [-3001], [-4001], [-1011], [-991], [-1000], [-2011], [-1991], [-2000], [-2991], [-3991], [-990], [-1990], [-2990], [-3990], [-3011], [-1021], [-1010], [-4020], [-4000], [-4011], [-2010], [-3010], [-4010], [-1020], [-2020], [-3020], [-1030], [-2030], [-2021], [-3030], [-4030], [-1040], [-1031], [-2040], [-2031], [-3040], [-4040], [-1050], [-1041], [-2050], [-2041]]
TURN_RIGHT
MOVE_FORWARD
Score: -190
Move to: (7, 10)
PERCEIVE_BREEZE
[[-999], [-1999], [-2999], [-3999], [-1009], [-998], [-2009], [-1998], [-2998], [-3998], [-1008], [-997], [-2008], [-1997], [-2997], [-3997], [-1007], [-996], [-2007], [-1996], [-2996], [-3996], [-1006], [-995], [-2006], [-1995], [-2995], [-3995], [-1005], [-994], [-2005], [-1994], [-2994], [-3994], [-1004], [-993], [-2004], [-1993], [-2993], [-1003], [-992], [-4013], [-3993], [-4002], [-4004], [-2003], [-3003], [-4003], [-1013], [-1002], [-2013], [-2002], [-3002], [-1012], [-1001], [-2012], [-1992], [-2001], [-3001], [-4001], [-1011], [-991], [-1000], [-2011], [-1991], [-2000], [-2991], [-3991], [-990], [-1990], [-2990], [-3990], [-3011], [-1021], [-1010], [-4020], [-4000], [-4011], [-2010], [-3010], [-4010], [-1020], [-2020], [-3020], [-1030], [-2030], [-2021], [-3030], [-4030], [-1040], [-1031], [-2040], [-2031], [-3040], [-4040], [-1050], [-1041], [-2050], [-2041], [3050], [-4050], [-3050, 1040, 1051, 1060], [-1060, 3050], [-1040, 3050], [-1051, 3050], [-2060], [-2051]]
Infer: (8, 10)
TURN_RIGHT
INFER_PIT
INFER_NOT_PIT
Infer: (7, 9)
TURN_DOWN
INFER_PIT
INFER_NOT_PIT
TURN_LEFT
MOVE_FORWARD
Score: -200
Backtrack: (6, 10)
TURN_DOWN
MOVE_FORWARD
Score: -210
Move to: (6, 9)
PERCEIVE_BREEZE
[[-999], [-1999], [-2999], [-3999], [-1009], [-998], [-2009], [-1998], [-2998], [-3998], [-1008], [-997], [-2008], [-1997], [-2997], [-3997], [-1007], [-996], [-2007], [-1996], [-2996], [-3996], [-1006], [-995], [-2006], [-1995], [-2995], [-3995], [-1005], [-994], [-2005], [-1994], [-2994], [-3994], [-1004], [-993], [-2004], [-1993], [-2993], [-1003], [-992], [-4013], [-3993], [-4002], [-4004], [-2003], [-3003], [-4003], [-1013], [-1002], [-2013], [-2002], [-3002], [-1012], [-1001], [-2012], [-1992], [-2001], [-3001], [-4001], [-1011], [-991], [-1000], [-2011], [-1991], [-2000], [-2991], [-3991], [-990], [-1990], [-2990], [-3990], [-3011], [-1021], [-1010], [-4020], [-4000], [-4011], [-2010], [-3010], [-4010], [-1020], [-2020], [-3020], [-1030], [-2030], [-2021], [-3030], [-4030], [-1040], [-1031], [-2040], [-2031], [-3040], [-4040], [-1050], [-1041], [-2050], [-2041], [3050], [-4050], [-3050, 1040, 1051, 1060], [-1060, 3050], [-1040, 3050], [-1051, 3050], [-2060], [-2051], [3041], [-4041], [-3041, 1031, 1040, 1042, 1051], [-1051, 3041], [-1031, 3041], [-1040, 3041], [-1042, 3041], [-2042]]
Infer: (7, 9)
TURN_RIGHT
INFER_PIT
INFER_NOT_PIT
Infer: (5, 9)
TURN_LEFT
INFER_PIT
INFER_NOT_PIT
DETECT_NO_PIT
Infer: (6, 8)
TURN_DOWN
INFER_PIT
INFER_NOT_PIT
TURN_UP
MOVE_FORWARD
Score: -220
Backtrack: (6, 10)
TURN_LEFT
MOVE_FORWARD
Score: -230
Backtrack: (5, 10)
TURN_DOWN
MOVE_FORWARD
Score: -240
Move to: (5, 9)
[[-999], [-1999], [-2999], [-3999], [-1009], [-998], [-2009], [-1998], [-2998], [-3998], [-1008], [-997], [-2008], [-1997], [-2997], [-3997], [-1007], [-996], [-2007], [-1996], [-2996], [-3996], [-1006], [-995], [-2006], [-1995], [-2995], [-3995], [-1005], [-994], [-2005], [-1994], [-2994], [-3994], [-1004], [-993], [-2004], [-1993], [-2993], [-1003], [-992], [-4013], [-3993], [-4002], [-4004], [-2003], [-3003], [-4003], [-1013], [-1002], [-2013], [-2002], [-3002], [-1012], [-1001], [-2012], [-1992], [-2001], [-3001], [-4001], [-1011], [-991], [-1000], [-2011], [-1991], [-2000], [-2991], [-3991], [-990], [-1990], [-2990], [-3990], [-3011], [-1021], [-1010], [-4020], [-4000], [-4011], [-2010], [-3010], [-4010], [-1020], [-2020], [-3020], [-1030], [-2030], [-2021], [-3030], [-4030], [-1040], [-1031], [-2040], [-2031], [-3040], [-4040], [-1050], [-1041], [-2050], [-2041], [3050], [-4050], [-3050, 1040, 1051, 1060], [-1060, 3050], [-1040, 3050], [-1051, 3050], [-2060], [-2051], [3041], [-4041], [-3041, 1031, 1040, 1042, 1051], [-1051, 3041], [-1031, 3041], [-1040, 3041], [-1042, 3041], [-2042], [-3031], [-4031], [-1032], [-2032]]
TURN_DOWN
MOVE_FORWARD
Score: -250
Move to: (5, 8)
GRAB_GOLD
Score: -150
[[-999], [-1999], [-2999], [-3999], [-1009], [-998], [-2009], [-1998], [-2998], [-3998], [-1008], [-997], [-2008], [-1997], [-2997], [-3997], [-1007], [-996], [-2007], [-1996], [-2996], [-3996], [-1006], [-995], [-2006], [-1995], [-2995], [-3995], [-1005], [-994], [-2005], [-1994], [-2994], [-3994], [-1004], [-993], [-2004], [-1993], [-2993], [-1003], [-992], [-4013], [-3993], [-4002], [-4004], [-2003], [-3003], [-4003], [-1013], [-1002], [-2013], [-2002], [-3002], [-1012], [-1001], [-2012], [-1992], [-2001], [-3001], [-4001], [-1011], [-991], [-1000], [-2011], [-1991], [-2000], [-2991], [-3991], [-990], [-1990], [-2990], [-3990], [-3011], [-1021], [-1010], [-4020], [-4000], [-4011], [-2010], [-3010], [-4010], [-1020], [-2020], [-3020], [-1030], [-2030], [-2021], [-3030], [-4030], [-1040], [-1031], [-2040], [-2031], [-3040], [-4040], [-1050], [-1041], [-2050], [-2041], [3050], [-4050], [-3050, 1040, 1051, 1060], [-1060, 3050], [-1040, 3050], [-1051, 3050], [-2060], [-2051], [3041], [-4041], [-3041, 1031, 1040, 1042, 1051], [-1051, 3041], [-1031, 3041], [-1040, 3041], [-1042, 3041], [-2042], [-3031], [-4031], [-1032], [-2032], [-3032], [-4032], [-1042], [-1022], [-1033], [-2022], [-2033]]
TURN_LEFT
MOVE_FORWARD
Score: -160
Move to: (4, 8)
[[-999], [-1999], [-2999], [-3999], [-1009], [-998], [-2009], [-1998], [-2998], [-3998], [-1008], [-997], [-2008], [-1997], [-2997], [-3997], [-1007], [-996], [-2007], [-1996], [-2996], [-3996], [-1006], [-995], [-2006], [-1995], [-2995], [-3995], [-1005], [-994], [-2005], [-1994], [-2994], [-3994], [-1004], [-993], [-2004], [-1993], [-2993], [-1003], [-992], [-4013], [-3993], [-4002], [-4004], [-2003], [-3003], [-4003], [-1013], [-1002], [-2013], [-2002], [-3002], [-1012], [-1001], [-2012], [-1992], [-2001], [-3001], [-4001], [-1011], [-991], [-1000], [-2011], [-1991], [-2000], [-2991], [-3991], [-990], [-1990], [-2990], [-3990], [-3011], [-1021], [-1010], [-4020], [-4000], [-4011], [-2010], [-3010], [-4010], [-1020], [-2020], [-3020], [-1030], [-2030], [-2021], [-3030], [-4030], [-1040], [-1031], [-2040], [-2031], [-3040], [-4040], [-1050], [-1041], [-2050], [-2041], [3050], [-4050], [-3050, 1040, 1051, 1060], [-1060, 3050], [-1040, 3050], [-1051, 3050], [-2060], [-2051], [3041], [-4041], [-3041, 1031, 1040, 1042, 1051], [-1051, 3041], [-1031, 3041], [-1040, 3041], [-1042, 3041], [-2042], [-3031], [-4031], [-1032], [-2032], [-3032], [-4032], [-1042], [-1022], [-1033], [-2022], [-2033], [-3022], [-4022], [-1023], [-2023]]
TURN_DOWN
MOVE_FORWARD
Score: -170
Move to: (4, 7)
[[-999], [-1999], [-2999], [-3999], [-1009], [-998], [-2009], [-1998], [-2998], [-3998], [-1008], [-997], [-2008], [-1997], [-2997], [-3997], [-1007], [-996], [-2007], [-1996], [-2996], [-3996], [-1006], [-995], [-2006], [-1995], [-2995], [-3995], [-1005], [-994], [-2005], [-1994], [-2994], [-3994], [-1004], [-993], [-2004], [-1993], [-2993], [-1003], [-992], [-4013], [-3993], [-4002], [-4004], [-2003], [-3003], [-4003], [-1013], [-1002], [-2013], [-2002], [-3002], [-1012], [-1001], [-2012], [-1992], [-2001], [-3001], [-4001], [-1011], [-991], [-1000], [-2011], [-1991], [-2000], [-2991], [-3991], [-990], [-1990], [-2990], [-3990], [-3011], [-1021], [-1010], [-4020], [-4000], [-4011], [-2010], [-3010], [-4010], [-1020], [-2020], [-3020], [-1030], [-2030], [-2021], [-3030], [-4030], [-1040], [-1031], [-2040], [-2031], [-3040], [-4040], [-1050], [-1041], [-2050], [-2041], [3050], [-4050], [-3050, 1040, 1051, 1060], [-1060, 3050], [-1040, 3050], [-1051, 3050], [-2060], [-2051], [3041], [-4041], [-3041, 1031, 1040, 1042, 1051], [-1051, 3041], [-1031, 3041], [-1040, 3041], [-1042, 3041], [-2042], [-3031], [-4031], [-1032], [-2032], [-3032], [-4032], [-1042], [-1022], [-1033], [-2022], [-2033], [-3022], [-4022], [-1023], [-2023], [-3023], [-4023], [-1024], [-2024]]
TURN_DOWN
MOVE_FORWARD
Score: -180
Move to: (4, 6)
[[-999], [-1999], [-2999], [-3999], [-1009], [-998], [-2009], [-1998], [-2998], [-3998], [-1008], [-997], [-2008], [-1997], [-2997], [-3997], [-1007], [-996], [-2007], [-1996], [-2996], [-3996], [-1006], [-995], [-2006], [-1995], [-2995], [-3995], [-1005], [-994], [-2005], [-1994], [-2994], [-3994], [-1004], [-993], [-2004], [-1993], [-2993], [-1003], [-992], [-4013], [-3993], [-4002], [-4004], [-2003], [-3003], [-4003], [-1013], [-1002], [-2013], [-2002], [-3002], [-1012], [-1001], [-2012], [-1992], [-2001], [-3001], [-4001], [-1011], [-991], [-1000], [-2011], [-1991], [-2000], [-2991], [-3991], [-990], [-1990], [-2990], [-3990], [-3011], [-1021], [-1010], [-4020], [-4000], [-4011], [-2010], [-3010], [-4010], [-1020], [-2020], [-3020], [-1030], [-2030], [-2021], [-3030], [-4030], [-1040], [-1031], [-2040], [-2031], [-3040], [-4040], [-1050], [-1041], [-2050], [-2041], [3050], [-4050], [-3050, 1040, 1051, 1060], [-1060, 3050], [-1040, 3050], [-1051, 3050], [-2060], [-2051], [3041], [-4041], [-3041, 1031, 1040, 1042, 1051], [-1051, 3041], [-1031, 3041], [-1040, 3041], [-1042, 3041], [-2042], [-3031], [-4031], [-1032], [-2032], [-3032], [-4032], [-1042], [-1022], [-1033], [-2022], [-2033], [-3022], [-4022], [-1023], [-2023], [-3023], [-4023], [-1024], [-2024], [-3024], [-4024], [-1034], [-1014], [-1025], [-2034], [-2014], [-2025]]
TURN_DOWN
MOVE_FORWARD
Score: -190
Move to: (4, 5)
[[-999], [-1999], [-2999], [-3999], [-1009], [-998], [-2009], [-1998], [-2998], [-3998], [-1008], [-997], [-2008], [-1997], [-2997], [-3997], [-1007], [-996], [-2007], [-1996], [-2996], [-3996], [-1006], [-995], [-2006], [-1995], [-2995], [-3995], [-1005], [-994], [-2005], [-1994], [-2994], [-3994], [-1004], [-993], [-2004], [-1993], [-2993], [-1003], [-992], [-4013], [-3993], [-4002], [-4004], [-2003], [-3003], [-4003], [-1013], [-1002], [-2013], [-2002], [-3002], [-1012], [-1001], [-2012], [-1992], [-2001], [-3001], [-4001], [-1011], [-991], [-1000], [-2011], [-1991], [-2000], [-2991], [-3991], [-990], [-1990], [-2990], [-3990], [-3011], [-1021], [-1010], [-4020], [-4000], [-4011], [-2010], [-3010], [-4010], [-1020], [-2020], [-3020], [-1030], [-2030], [-2021], [-3030], [-4030], [-1040], [-1031], [-2040], [-2031], [-3040], [-4040], [-1050], [-1041], [-2050], [-2041], [3050], [-4050], [-3050, 1040, 1051, 1060], [-1060, 3050], [-1040, 3050], [-1051, 3050], [-2060], [-2051], [3041], [-4041], [-3041, 1031, 1040, 1042, 1051], [-1051, 3041], [-1031, 3041], [-1040, 3041], [-1042, 3041], [-2042], [-3031], [-4031], [-1032], [-2032], [-3032], [-4032], [-1042], [-1022], [-1033], [-2022], [-2033], [-3022], [-4022], [-1023], [-2023], [-3023], [-4023], [-1024], [-2024], [-3024], [-4024], [-1034], [-1014], [-1025], [-2034], [-2014], [-2025], [-3025], [-4025], [-1035], [-1015], [-1026], [-2035], [-2015], [-2026]]
TURN_LEFT
MOVE_FORWARD
Score: -200
Move to: (3, 5)
GRAB_GOLD
Score: -100
[[-999], [-1999], [-2999], [-3999], [-1009], [-998], [-2009], [-1998], [-2998], [-3998], [-1008], [-997], [-2008], [-1997], [-2997], [-3997], [-1007], [-996], [-2007], [-1996], [-2996], [-3996], [-1006], [-995], [-2006], [-1995], [-2995], [-3995], [-1005], [-994], [-2005], [-1994], [-2994], [-3994], [-1004], [-993], [-2004], [-1993], [-2993], [-1003], [-992], [-4013], [-3993], [-4002], [-4004], [-2003], [-3003], [-4003], [-1013], [-1002], [-2013], [-2002], [-3002], [-1012], [-1001], [-2012], [-1992], [-2001], [-3001], [-4001], [-1011], [-991], [-1000], [-2011], [-1991], [-2000], [-2991], [-3991], [-990], [-1990], [-2990], [-3990], [-3011], [-1021], [-1010], [-4020], [-4000], [-4011], [-2010], [-3010], [-4010], [-1020], [-2020], [-3020], [-1030], [-2030], [-2021], [-3030], [-4030], [-1040], [-1031], [-2040], [-2031], [-3040], [-4040], [-1050], [-1041], [-2050], [-2041], [3050], [-4050], [-3050, 1040, 1051, 1060], [-1060, 3050], [-1040, 3050], [-1051, 3050], [-2060], [-2051], [3041], [-4041], [-3041, 1031, 1040, 1042, 1051], [-1051, 3041], [-1031, 3041], [-1040, 3041], [-1042, 3041], [-2042], [-3031], [-4031], [-1032], [-2032], [-3032], [-4032], [-1042], [-1022], [-1033], [-2022], [-2033], [-3022], [-4022], [-1023], [-2023], [-3023], [-4023], [-1024], [-2024], [-3024], [-4024], [-1034], [-1014], [-1025], [-2034], [-2014], [-2025], [-3025], [-4025], [-1035], [-1015], [-1026], [-2035], [-2015], [-2026], [-3015], [-4015], [-1016], [-2016]]
TURN_DOWN
MOVE_FORWARD
Score: -110
Move to: (3, 4)
[[-999], [-1999], [-2999], [-3999], [-1009], [-998], [-2009], [-1998], [-2998], [-3998], [-1008], [-997], [-2008], [-1997], [-2997], [-3997], [-1007], [-996], [-2007], [-1996], [-2996], [-3996], [-1006], [-995], [-2006], [-1995], [-2995], [-3995], [-1005], [-994], [-2005], [-1994], [-2994], [-3994], [-1004], [-993], [-2004], [-1993], [-2993], [-1003], [-992], [-4013], [-3993], [-4002], [-4004], [-2003], [-3003], [-4003], [-1013], [-1002], [-2013], [-2002], [-3002], [-1012], [-1001], [-2012], [-1992], [-2001], [-3001], [-4001], [-1011], [-991], [-1000], [-2011], [-1991], [-2000], [-2991], [-3991], [-990], [-1990], [-2990], [-3990], [-3011], [-1021], [-1010], [-4020], [-4000], [-4011], [-2010], [-3010], [-4010], [-1020], [-2020], [-3020], [-1030], [-2030], [-2021], [-3030], [-4030], [-1040], [-1031], [-2040], [-2031], [-3040], [-4040], [-1050], [-1041], [-2050], [-2041], [3050], [-4050], [-3050, 1040, 1051, 1060], [-1060, 3050], [-1040, 3050], [-1051, 3050], [-2060], [-2051], [3041], [-4041], [-3041, 1031, 1040, 1042, 1051], [-1051, 3041], [-1031, 3041], [-1040, 3041], [-1042, 3041], [-2042], [-3031], [-4031], [-1032], [-2032], [-3032], [-4032], [-1042], [-1022], [-1033], [-2022], [-2033], [-3022], [-4022], [-1023], [-2023], [-3023], [-4023], [-1024], [-2024], [-3024], [-4024], [-1034], [-1014], [-1025], [-2034], [-2014], [-2025], [-3025], [-4025], [-1035], [-1015], [-1026], [-2035], [-2015], [-2026], [-3015], [-4015], [-1016], [-2016], [-3016], [-4016], [-1017], [-2017]]
TURN_DOWN
MOVE_FORWARD
Score: -120
Move to: (3, 3)
PERCEIVE_STENCH
[[-999], [-1999], [-2999], [-3999], [-1009], [-998], [-2009], [-1998], [-2998], [-3998], [-1008], [-997], [-2008], [-1997], [-2997], [-3997], [-1007], [-996], [-2007], [-1996], [-2996], [-3996], [-1006], [-995], [-2006], [-1995], [-2995], [-3995], [-1005], [-994], [-2005], [-1994], [-2994], [-3994], [-1004], [-993], [-2004], [-1993], [-2993], [-1003], [-992], [-4013], [-3993], [-4002], [-4004], [-2003], [-3003], [-4003], [-1013], [-1002], [-2013], [-2002], [-3002], [-1012], [-1001], [-2012], [-1992], [-2001], [-3001], [-4001], [-1011], [-991], [-1000], [-2011], [-1991], [-2000], [-2991], [-3991], [-990], [-1990], [-2990], [-3990], [-3011], [-1021], [-1010], [-4020], [-4000], [-4011], [-2010], [-3010], [-4010], [-1020], [-2020], [-3020], [-1030], [-2030], [-2021], [-3030], [-4030], [-1040], [-1031], [-2040], [-2031], [-3040], [-4040], [-1050], [-1041], [-2050], [-2041], [3050], [-4050], [-3050, 1040, 1051, 1060], [-1060, 3050], [-1040, 3050], [-1051, 3050], [-2060], [-2051], [3041], [-4041], [-3041, 1031, 1040, 1042, 1051], [-1051, 3041], [-1031, 3041], [-1040, 3041], [-1042, 3041], [-2042], [-3031], [-4031], [-1032], [-2032], [-3032], [-4032], [-1042], [-1022], [-1033], [-2022], [-2033], [-3022], [-4022], [-1023], [-2023], [-3023], [-4023], [-1024], [-2024], [-3024], [-4024], [-1034], [-1014], [-1025], [-2034], [-2014], [-2025], [-3025], [-4025], [-1035], [-1015], [-1026], [-2035], [-2015], [-2026], [-3015], [-4015], [-1016], [-2016], [-3016], [-4016], [-1017], [-2017], [-3017], [4017], [-1027], [-1018], [-4017, 2007, 2016, 2018, 2027], [-2027, 4017], [-2007, 4017], [-2016, 4017], [-2018, 4017]]
Infer: (4, 3)
TURN_RIGHT
INFER_WUMPUS
INFER_NOT_WUMPUS
Infer: (2, 3)
TURN_LEFT
INFER_WUMPUS
INFER_NOT_WUMPUS
DETECT_NO_WUMPUS
Infer: (3, 2)
TURN_DOWN
INFER_WUMPUS
INFER_NOT_WUMPUS
Try: (4, 3)
TURN_RIGHT
SHOOT
Score: -220
KB: [[-999], [-1999], [-2999], [-3999], [-1009], [-998], [-2009], [-1998], [-2998], [-3998], [-1008], [-997], [-2008], [-1997], [-2997], [-3997], [-1007], [-996], [-2007], [-1996], [-2996], [-3996], [-1006], [-995], [-2006], [-1995], [-2995], [-3995], [-1005], [-994], [-2005], [-1994], [-2994], [-3994], [-1004], [-993], [-2004], [-1993], [-2993], [-1003], [-992], [-4013], [-3993], [-4002], [-4004], [-2003], [-3003], [-4003], [-1013], [-1002], [-2013], [-2002], [-3002], [-1012], [-1001], [-2012], [-1992], [-2001], [-3001], [-4001], [-1011], [-991], [-1000], [-2011], [-1991], [-2000], [-2991], [-3991], [-990], [-1990], [-2990], [-3990], [-3011], [-1021], [-1010], [-4020], [-4000], [-4011], [-2010], [-3010], [-4010], [-1020], [-2020], [-3020], [-1030], [-2030], [-2021], [-3030], [-4030], [-1040], [-1031], [-2040], [-2031], [-3040], [-4040], [-1050], [-1041], [-2050], [-2041], [3050], [-4050], [-3050, 1040, 1051, 1060], [-1060, 3050], [-1040, 3050], [-1051, 3050], [-2060], [-2051], [3041], [-4041], [-3041, 1031, 1040, 1042, 1051], [-1051, 3041], [-1031, 3041], [-1040, 3041], [-1042, 3041], [-2042], [-3031], [-4031], [-1032], [-2032], [-3032], [-4032], [-1042], [-1022], [-1033], [-2022], [-2033], [-3022], [-4022], [-1023], [-2023], [-3023], [-4023], [-1024], [-2024], [-3024], [-4024], [-1034], [-1014], [-1025], [-2034], [-2014], [-2025], [-3025], [-4025], [-1035], [-1015], [-1026], [-2035], [-2015], [-2026], [-3015], [-4015], [-1016], [-2016], [-3016], [-4016], [-1017], [-2017], [-3017], [-1027], [-1018], [-4037], [-4017], [-4026], [-4028]]
TURN_RIGHT
MOVE_FORWARD
Score: -230
Move to: (4, 3)
[[-999], [-1999], [-2999], [-3999], [-1009], [-998], [-2009], [-1998], [-2998], [-3998], [-1008], [-997], [-2008], [-1997], [-2997], [-3997], [-1007], [-996], [-2007], [-1996], [-2996], [-3996], [-1006], [-995], [-2006], [-1995], [-2995], [-3995], [-1005], [-994], [-2005], [-1994], [-2994], [-3994], [-1004], [-993], [-2004], [-1993], [-2993], [-1003], [-992], [-4013], [-3993], [-4002], [-4004], [-2003], [-3003], [-4003], [-1013], [-1002], [-2013], [-2002], [-3002], [-1012], [-1001], [-2012], [-1992], [-2001], [-3001], [-4001], [-1011], [-991], [-1000], [-2011], [-1991], [-2000], [-2991], [-3991], [-990], [-1990], [-2990], [-3990], [-3011], [-1021], [-1010], [-4020], [-4000], [-4011], [-2010], [-3010], [-4010], [-1020], [-2020], [-3020], [-1030], [-2030], [-2021], [-3030], [-4030], [-1040], [-1031], [-2040], [-2031], [-3040], [-4040], [-1050], [-1041], [-2050], [-2041], [3050], [-4050], [-3050, 1040, 1051, 1060], [-1060, 3050], [-1040, 3050], [-1051, 3050], [-2060], [-2051], [3041], [-4041], [-3041, 1031, 1040, 1042, 1051], [-1051, 3041], [-1031, 3041], [-1040, 3041], [-1042, 3041], [-2042], [-3031], [-4031], [-1032], [-2032], [-3032], [-4032], [-1042], [-1022], [-1033], [-2022], [-2033], [-3022], [-4022], [-1023], [-2023], [-3023], [-4023], [-1024], [-2024], [-3024], [-4024], [-1034], [-1014], [-1025], [-2034], [-2014], [-2025], [-3025], [-4025], [-1035], [-1015], [-1026], [-2035], [-2015], [-2026], [-3015], [-4015], [-1016], [-2016], [-3016], [-4016], [-1017], [-2017], [-3017], [-1027], [-1018], [-4037], [-4017], [-4026], [-4028], [-2027], [-3027], [-4027], [-1037], [-1028], [-2037], [-2028]]
TURN_DOWN
MOVE_FORWARD
Score: -240
Move to: (4, 2)
[[-999], [-1999], [-2999], [-3999], [-1009], [-998], [-2009], [-1998], [-2998], [-3998], [-1008], [-997], [-2008], [-1997], [-2997], [-3997], [-1007], [-996], [-2007], [-1996], [-2996], [-3996], [-1006], [-995], [-2006], [-1995], [-2995], [-3995], [-1005], [-994], [-2005], [-1994], [-2994], [-3994], [-1004], [-993], [-2004], [-1993], [-2993], [-1003], [-992], [-4013], [-3993], [-4002], [-4004], [-2003], [-3003], [-4003], [-1013], [-1002], [-2013], [-2002], [-3002], [-1012], [-1001], [-2012], [-1992], [-2001], [-3001], [-4001], [-1011], [-991], [-1000], [-2011], [-1991], [-2000], [-2991], [-3991], [-990], [-1990], [-2990], [-3990], [-3011], [-1021], [-1010], [-4020], [-4000], [-4011], [-2010], [-3010], [-4010], [-1020], [-2020], [-3020], [-1030], [-2030], [-2021], [-3030], [-4030], [-1040], [-1031], [-2040], [-2031], [-3040], [-4040], [-1050], [-1041], [-2050], [-2041], [3050], [-4050], [-3050, 1040, 1051, 1060], [-1060, 3050], [-1040, 3050], [-1051, 3050], [-2060], [-2051], [3041], [-4041], [-3041, 1031, 1040, 1042, 1051], [-1051, 3041], [-1031, 3041], [-1040, 3041], [-1042, 3041], [-2042], [-3031], [-4031], [-1032], [-2032], [-3032], [-4032], [-1042], [-1022], [-1033], [-2022], [-2033], [-3022], [-4022], [-1023], [-2023], [-3023], [-4023], [-1024], [-2024], [-3024], [-4024], [-1034], [-1014], [-1025], [-2034], [-2014], [-2025], [-3025], [-4025], [-1035], [-1015], [-1026], [-2035], [-2015], [-2026], [-3015], [-4015], [-1016], [-2016], [-3016], [-4016], [-1017], [-2017], [-3017], [-1027], [-1018], [-4037], [-4017], [-4026], [-4028], [-2027], [-3027], [-4027], [-1037], [-1028], [-2037], [-2028], [-3028], [-1038], [-1029], [-2038], [-2018], [-2029]]
TURN_LEFT
MOVE_FORWARD
Score: -250
Move to: (3, 2)
[[-999], [-1999], [-2999], [-3999], [-1009], [-998], [-2009], [-1998], [-2998], [-3998], [-1008], [-997], [-2008], [-1997], [-2997], [-3997], [-1007], [-996], [-2007], [-1996], [-2996], [-3996], [-1006], [-995], [-2006], [-1995], [-2995], [-3995], [-1005], [-994], [-2005], [-1994], [-2994], [-3994], [-1004], [-993], [-2004], [-1993], [-2993], [-1003], [-992], [-4013], [-3993], [-4002], [-4004], [-2003], [-3003], [-4003], [-1013], [-1002], [-2013], [-2002], [-3002], [-1012], [-1001], [-2012], [-1992], [-2001], [-3001], [-4001], [-1011], [-991], [-1000], [-2011], [-1991], [-2000], [-2991], [-3991], [-990], [-1990], [-2990], [-3990], [-3011], [-1021], [-1010], [-4020], [-4000], [-4011], [-2010], [-3010], [-4010], [-1020], [-2020], [-3020], [-1030], [-2030], [-2021], [-3030], [-4030], [-1040], [-1031], [-2040], [-2031], [-3040], [-4040], [-1050], [-1041], [-2050], [-2041], [3050], [-4050], [-3050, 1040, 1051, 1060], [-1060, 3050], [-1040, 3050], [-1051, 3050], [-2060], [-2051], [3041], [-4041], [-3041, 1031, 1040, 1042, 1051], [-1051, 3041], [-1031, 3041], [-1040, 3041], [-1042, 3041], [-2042], [-3031], [-4031], [-1032], [-2032], [-3032], [-4032], [-1042], [-1022], [-1033], [-2022], [-2033], [-3022], [-4022], [-1023], [-2023], [-3023], [-4023], [-1024], [-2024], [-3024], [-4024], [-1034], [-1014], [-1025], [-2034], [-2014], [-2025], [-3025], [-4025], [-1035], [-1015], [-1026], [-2035], [-2015], [-2026], [-3015], [-4015], [-1016], [-2016], [-3016], [-4016], [-1017], [-2017], [-3017], [-1027], [-1018], [-4037], [-4017], [-4026], [-4028], [-2027], [-3027], [-4027], [-1037], [-1028], [-2037], [-2028], [-3028], [-1038], [-1029], [-2038], [-2018], [-2029], [-3018], [-4018], [-1019], [-2019]]
TURN_DOWN
MOVE_FORWARD
Score: -260
Move to: (3, 1)
[[-999], [-1999], [-2999], [-3999], [-1009], [-998], [-2009], [-1998], [-2998], [-3998], [-1008], [-997], [-2008], [-1997], [-2997], [-3997], [-1007], [-996], [-2007], [-1996], [-2996], [-3996], [-1006], [-995], [-2006], [-1995], [-2995], [-3995], [-1005], [-994], [-2005], [-1994], [-2994], [-3994], [-1004], [-993], [-2004], [-1993], [-2993], [-1003], [-992], [-4013], [-3993], [-4002], [-4004], [-2003], [-3003], [-4003], [-1013], [-1002], [-2013], [-2002], [-3002], [-1012], [-1001], [-2012], [-1992], [-2001], [-3001], [-4001], [-1011], [-991], [-1000], [-2011], [-1991], [-2000], [-2991], [-3991], [-990], [-1990], [-2990], [-3990], [-3011], [-1021], [-1010], [-4020], [-4000], [-4011], [-2010], [-3010], [-4010], [-1020], [-2020], [-3020], [-1030], [-2030], [-2021], [-3030], [-4030], [-1040], [-1031], [-2040], [-2031], [-3040], [-4040], [-1050], [-1041], [-2050], [-2041], [3050], [-4050], [-3050, 1040, 1051, 1060], [-1060, 3050], [-1040, 3050], [-1051, 3050], [-2060], [-2051], [3041], [-4041], [-3041, 1031, 1040, 1042, 1051], [-1051, 3041], [-1031, 3041], [-1040, 3041], [-1042, 3041], [-2042], [-3031], [-4031], [-1032], [-2032], [-3032], [-4032], [-1042], [-1022], [-1033], [-2022], [-2033], [-3022], [-4022], [-1023], [-2023], [-3023], [-4023], [-1024], [-2024], [-3024], [-4024], [-1034], [-1014], [-1025], [-2034], [-2014], [-2025], [-3025], [-4025], [-1035], [-1015], [-1026], [-2035], [-2015], [-2026], [-3015], [-4015], [-1016], [-2016], [-3016], [-4016], [-1017], [-2017], [-3017], [-1027], [-1018], [-4037], [-4017], [-4026], [-4028], [-2027], [-3027], [-4027], [-1037], [-1028], [-2037], [-2028], [-3028], [-1038], [-1029], [-2038], [-2018], [-2029], [-3018], [-4018], [-1019], [-2019], [-3019], [-4019]]
TURN_UP
MOVE_FORWARD
Score: -270
Backtrack: (3, 2)
TURN_RIGHT
MOVE_FORWARD
Score: -280
Backtrack: (4, 2)
TURN_RIGHT
MOVE_FORWARD
Score: -290
Move to: (5, 2)
[[-999], [-1999], [-2999], [-3999], [-1009], [-998], [-2009], [-1998], [-2998], [-3998], [-1008], [-997], [-2008], [-1997], [-2997], [-3997], [-1007], [-996], [-2007], [-1996], [-2996], [-3996], [-1006], [-995], [-2006], [-1995], [-2995], [-3995], [-1005], [-994], [-2005], [-1994], [-2994], [-3994], [-1004], [-993], [-2004], [-1993], [-2993], [-1003], [-992], [-4013], [-3993], [-4002], [-4004], [-2003], [-3003], [-4003], [-1013], [-1002], [-2013], [-2002], [-3002], [-1012], [-1001], [-2012], [-1992], [-2001], [-3001], [-4001], [-1011], [-991], [-1000], [-2011], [-1991], [-2000], [-2991], [-3991], [-990], [-1990], [-2990], [-3990], [-3011], [-1021], [-1010], [-4020], [-4000], [-4011], [-2010], [-3010], [-4010], [-1020], [-2020], [-3020], [-1030], [-2030], [-2021], [-3030], [-4030], [-1040], [-1031], [-2040], [-2031], [-3040], [-4040], [-1050], [-1041], [-2050], [-2041], [3050], [-4050], [-3050, 1040, 1051, 1060], [-1060, 3050], [-1040, 3050], [-1051, 3050], [-2060], [-2051], [3041], [-4041], [-3041, 1031, 1040, 1042, 1051], [-1051, 3041], [-1031, 3041], [-1040, 3041], [-1042, 3041], [-2042], [-3031], [-4031], [-1032], [-2032], [-3032], [-4032], [-1042], [-1022], [-1033], [-2022], [-2033], [-3022], [-4022], [-1023], [-2023], [-3023], [-4023], [-1024], [-2024], [-3024], [-4024], [-1034], [-1014], [-1025], [-2034], [-2014], [-2025], [-3025], [-4025], [-1035], [-1015], [-1026], [-2035], [-2015], [-2026], [-3015], [-4015], [-1016], [-2016], [-3016], [-4016], [-1017], [-2017], [-3017], [-1027], [-1018], [-4037], [-4017], [-4026], [-4028], [-2027], [-3027], [-4027], [-1037], [-1028], [-2037], [-2028], [-3028], [-1038], [-1029], [-2038], [-2018], [-2029], [-3018], [-4018], [-1019], [-2019], [-3019], [-4019], [-3038], [-4038], [-1048], [-1039], [-2048], [-2039]]
TURN_RIGHT
MOVE_FORWARD
Score: -300
Move to: (6, 2)
[[-999], [-1999], [-2999], [-3999], [-1009], [-998], [-2009], [-1998], [-2998], [-3998], [-1008], [-997], [-2008], [-1997], [-2997], [-3997], [-1007], [-996], [-2007], [-1996], [-2996], [-3996], [-1006], [-995], [-2006], [-1995], [-2995], [-3995], [-1005], [-994], [-2005], [-1994], [-2994], [-3994], [-1004], [-993], [-2004], [-1993], [-2993], [-1003], [-992], [-4013], [-3993], [-4002], [-4004], [-2003], [-3003], [-4003], [-1013], [-1002], [-2013], [-2002], [-3002], [-1012], [-1001], [-2012], [-1992], [-2001], [-3001], [-4001], [-1011], [-991], [-1000], [-2011], [-1991], [-2000], [-2991], [-3991], [-990], [-1990], [-2990], [-3990], [-3011], [-1021], [-1010], [-4020], [-4000], [-4011], [-2010], [-3010], [-4010], [-1020], [-2020], [-3020], [-1030], [-2030], [-2021], [-3030], [-4030], [-1040], [-1031], [-2040], [-2031], [-3040], [-4040], [-1050], [-1041], [-2050], [-2041], [3050], [-4050], [-3050, 1040, 1051, 1060], [-1060, 3050], [-1040, 3050], [-1051, 3050], [-2060], [-2051], [3041], [-4041], [-3041, 1031, 1040, 1042, 1051], [-1051, 3041], [-1031, 3041], [-1040, 3041], [-1042, 3041], [-2042], [-3031], [-4031], [-1032], [-2032], [-3032], [-4032], [-1042], [-1022], [-1033], [-2022], [-2033], [-3022], [-4022], [-1023], [-2023], [-3023], [-4023], [-1024], [-2024], [-3024], [-4024], [-1034], [-1014], [-1025], [-2034], [-2014], [-2025], [-3025], [-4025], [-1035], [-1015], [-1026], [-2035], [-2015], [-2026], [-3015], [-4015], [-1016], [-2016], [-3016], [-4016], [-1017], [-2017], [-3017], [-1027], [-1018], [-4037], [-4017], [-4026], [-4028], [-2027], [-3027], [-4027], [-1037], [-1028], [-2037], [-2028], [-3028], [-1038], [-1029], [-2038], [-2018], [-2029], [-3018], [-4018], [-1019], [-2019], [-3019], [-4019], [-3038], [-4038], [-1048], [-1039], [-2048], [-2039], [-3048], [-4048], [-1058], [-1047], [-1049], [-2058], [-2047], [-2049]]
TURN_UP
MOVE_FORWARD
Score: -310
Move to: (6, 3)
[[-999], [-1999], [-2999], [-3999], [-1009], [-998], [-2009], [-1998], [-2998], [-3998], [-1008], [-997], [-2008], [-1997], [-2997], [-3997], [-1007], [-996], [-2007], [-1996], [-2996], [-3996], [-1006], [-995], [-2006], [-1995], [-2995], [-3995], [-1005], [-994], [-2005], [-1994], [-2994], [-3994], [-1004], [-993], [-2004], [-1993], [-2993], [-1003], [-992], [-4013], [-3993], [-4002], [-4004], [-2003], [-3003], [-4003], [-1013], [-1002], [-2013], [-2002], [-3002], [-1012], [-1001], [-2012], [-1992], [-2001], [-3001], [-4001], [-1011], [-991], [-1000], [-2011], [-1991], [-2000], [-2991], [-3991], [-990], [-1990], [-2990], [-3990], [-3011], [-1021], [-1010], [-4020], [-4000], [-4011], [-2010], [-3010], [-4010], [-1020], [-2020], [-3020], [-1030], [-2030], [-2021], [-3030], [-4030], [-1040], [-1031], [-2040], [-2031], [-3040], [-4040], [-1050], [-1041], [-2050], [-2041], [3050], [-4050], [-3050, 1040, 1051, 1060], [-1060, 3050], [-1040, 3050], [-1051, 3050], [-2060], [-2051], [3041], [-4041], [-3041, 1031, 1040, 1042, 1051], [-1051, 3041], [-1031, 3041], [-1040, 3041], [-1042, 3041], [-2042], [-3031], [-4031], [-1032], [-2032], [-3032], [-4032], [-1042], [-1022], [-1033], [-2022], [-2033], [-3022], [-4022], [-1023], [-2023], [-3023], [-4023], [-1024], [-2024], [-3024], [-4024], [-1034], [-1014], [-1025], [-2034], [-2014], [-2025], [-3025], [-4025], [-1035], [-1015], [-1026], [-2035], [-2015], [-2026], [-3015], [-4015], [-1016], [-2016], [-3016], [-4016], [-1017], [-2017], [-3017], [-1027], [-1018], [-4037], [-4017], [-4026], [-4028], [-2027], [-3027], [-4027], [-1037], [-1028], [-2037], [-2028], [-3028], [-1038], [-1029], [-2038], [-2018], [-2029], [-3018], [-4018], [-1019], [-2019], [-3019], [-4019], [-3038], [-4038], [-1048], [-1039], [-2048], [-2039], [-3048], [-4048], [-1058], [-1047], [-1049], [-2058], [-2047], [-2049], [-3047], [-4047], [-1057], [-1046], [-2057], [-2046]]
TURN_RIGHT
MOVE_FORWARD
Score: -320
Move to: (7, 3)
[[-999], [-1999], [-2999], [-3999], [-1009], [-998], [-2009], [-1998], [-2998], [-3998], [-1008], [-997], [-2008], [-1997], [-2997], [-3997], [-1007], [-996], [-2007], [-1996], [-2996], [-3996], [-1006], [-995], [-2006], [-1995], [-2995], [-3995], [-1005], [-994], [-2005], [-1994], [-2994], [-3994], [-1004], [-993], [-2004], [-1993], [-2993], [-1003], [-992], [-4013], [-3993], [-4002], [-4004], [-2003], [-3003], [-4003], [-1013], [-1002], [-2013], [-2002], [-3002], [-1012], [-1001], [-2012], [-1992], [-2001], [-3001], [-4001], [-1011], [-991], [-1000], [-2011], [-1991], [-2000], [-2991], [-3991], [-990], [-1990], [-2990], [-3990], [-3011], [-1021], [-1010], [-4020], [-4000], [-4011], [-2010], [-3010], [-4010], [-1020], [-2020], [-3020], [-1030], [-2030], [-2021], [-3030], [-4030], [-1040], [-1031], [-2040], [-2031], [-3040], [-4040], [-1050], [-1041], [-2050], [-2041], [3050], [-4050], [-3050, 1040, 1051, 1060], [-1060, 3050], [-1040, 3050], [-1051, 3050], [-2060], [-2051], [3041], [-4041], [-3041, 1031, 1040, 1042, 1051], [-1051, 3041], [-1031, 3041], [-1040, 3041], [-1042, 3041], [-2042], [-3031], [-4031], [-1032], [-2032], [-3032], [-4032], [-1042], [-1022], [-1033], [-2022], [-2033], [-3022], [-4022], [-1023], [-2023], [-3023], [-4023], [-1024], [-2024], [-3024], [-4024], [-1034], [-1014], [-1025], [-2034], [-2014], [-2025], [-3025], [-4025], [-1035], [-1015], [-1026], [-2035], [-2015], [-2026], [-3015], [-4015], [-1016], [-2016], [-3016], [-4016], [-1017], [-2017], [-3017], [-1027], [-1018], [-4037], [-4017], [-4026], [-4028], [-2027], [-3027], [-4027], [-1037], [-1028], [-2037], [-2028], [-3028], [-1038], [-1029], [-2038], [-2018], [-2029], [-3018], [-4018], [-1019], [-2019], [-3019], [-4019], [-3038], [-4038], [-1048], [-1039], [-2048], [-2039], [-3048], [-4048], [-1058], [-1047], [-1049], [-2058], [-2047], [-2049], [-3047], [-4047], [-1057], [-1046], [-2057], [-2046], [-3057], [-4057], [-1067], [-1056], [-2067], [-2056]]
