[[-120], [-220], [-320], [-420], [-128], [-112], [-119], [-121], [-228], [-212], [-219], [-221]]
TURN_RIGHT
MOVE_FORWARD
Score: -10
Move to: (5, 4)
PERCEIVE_BREEZE
[[-120], [-220], [-320], [-420], [-128], [-112], [-119], [-121], [-228], [-212], [-219], [-221], [328], [-428], [-328, 120, 127, 129, 136], [-136, 328], [-120, 328], [-127, 328], [-129, 328], [-236], [-227], [-229]]
Infer: (6, 4)
TURN_RIGHT
INFER_PIT
INFER_NOT_PIT
Infer: (5, 5)
TURN_UP
INFER_PIT
INFER_NOT_PIT
Infer: (5, 3)
TURN_DOWN
INFER_PIT
INFER_NOT_PIT
TURN_LEFT
MOVE_FORWARD
Score: -20
Backtrack: (4, 4)
TURN_LEFT
MOVE_FORWARD
Score: -30
Move to: (3, 4)
[[-120], [-220], [-320], [-420], [-128], [-112], [-119], [-121], [-228], [-212], [-219], [-221], [328], [-428], [-328, 120, 127, 129, 136], [-136, 328], [-120, 328], [-127, 328], [-129, 328], [-236], [-227], [-229], [-312], [-412], [-104], [-111], [-113], [-204], [-211], [-213]]
TURN_LEFT
MOVE_FORWARD
Score: -40
Move to: (2, 4)
[[-120], [-220], [-320], [-420], [-128], [-112], [-119], [-121], [-228], [-212], [-219], [-221], [328], [-428], [-328, 120, 127, 129, 136], [-136, 328], [-120, 328], [-127, 328], [-129, 328], [-236], [-227], [-229], [-312], [-412], [-104], [-111], [-113], [-204], [-211], [-213], [-304], [-404], [-96], [-103], [-105], [-196], [-203], [-205]]
TURN_LEFT
MOVE_FORWARD
Score: -50
Move to: (1, 4)
[[-120], [-220], [-320], [-420], [-128], [-112], [-119], [-121], [-228], [-212], [-219], [-221], [328], [-428], [-328, 120, 127, 129, 136], [-136, 328], [-120, 328], [-127, 328], [-129, 328], [-236], [-227], [-229], [-312], [-412], [-104], [-111], [-113], [-204], [-211], [-213], [-304], [-404], [-96], [-103], [-105], [-196], [-203], [-205], [-296], [-396], [-95], [-97], [-195], [-197]]
TURN_UP
MOVE_FORWARD
Score: -60
Move to: (1, 5)
[[-120], [-220], [-320], [-420], [-128], [-112], [-119], [-121], [-228], [-212], [-219], [-221], [328], [-428], [-328, 120, 127, 129, 136], [-136, 328], [-120, 328], [-127, 328], [-129, 328], [-236], [-227], [-229], [-312], [-412], [-104], [-111], [-113], [-204], [-211], [-213], [-304], [-404], [-96], [-103], [-105], [-196], [-203], [-205], [-296], [-396], [-95], [-97], [-195], [-197], [-295], [-395], [-94], [-194]]
TURN_UP
MOVE_FORWARD
Score: -70
Move to: (1, 6)
[[-120], [-220], [-320], [-420], [-128], [-112], [-119], [-121], [-228], [-212], [-219], [-221], [328], [-428], [-328, 120, 127, 129, 136], [-136, 328], [-120, 328], [-127, 328], [-129, 328], [-236], [-227], [-229], [-312], [-412], [-104], [-111], [-113], [-204], [-211], [-213], [-304], [-404], [-96], [-103], [-105], [-196], [-203], [-205], [-296], [-396], [-95], [-97], [-195], [-197], [-295], [-395], [-94], [-194], [-294], [-394], [-102], [-93], [-202], [-193]]
TURN_RIGHT
MOVE_FORWARD
Score: -80
Move to: (2, 6)
[[-120], [-220], [-320], [-420], [-128], [-112], [-119], [-121], [-228], [-212], [-219], [-221], [328], [-428], [-328, 120, 127, 129, 136], [-136, 328], [-120, 328], [-127, 328], [-129, 328], [-236], [-227], [-229], [-312], [-412], [-104], [-111], [-113], [-204], [-211], [-213], [-304], [-404], [-96], [-103], [-105], [-196], [-203], [-205], [-296], [-396], [-95], [-97], [-195], [-197], [-295], [-395], [-94], [-194], [-294], [-394], [-102], [-93], [-202], [-193], [-302], [-402], [-110], [-101], [-210], [-201]]
TURN_RIGHT
MOVE_FORWARD
Score: -90
Move to: (3, 6)
[[-120], [-220], [-320], [-420], [-128], [-112], [-119], [-121], [-228], [-212], [-219], [-221], [328], [-428], [-328, 120, 127, 129, 136], [-136, 328], [-120, 328], [-127, 328], [-129, 328], [-236], [-227], [-229], [-312], [-412], [-104], [-111], [-113], [-204], [-211], [-213], [-304], [-404], [-96], [-103], [-105], [-196], [-203], [-205], [-296], [-396], [-95], [-97], [-195], [-197], [-295], [-395], [-94], [-194], [-294], [-394], [-102], [-93], [-202], [-193], [-302], [-402], [-110], [-101], [-210], [-201], [-310], [-410], [-118], [-109], [-218], [-209]]
TURN_RIGHT
MOVE_FORWARD
Score: -100
Move to: (4, 6)
[[-120], [-220], [-320], [-420], [-128], [-112], [-119], [-121], [-228], [-212], [-219], [-221], [328], [-428], [-328, 120, 127, 129, 136], [-136, 328], [-120, 328], [-127, 328], [-129, 328], [-236], [-227], [-229], [-312], [-412], [-104], [-111], [-113], [-204], [-211], [-213], [-304], [-404], [-96], [-103], [-105], [-196], [-203], [-205], [-296], [-396], [-95], [-97], [-195], [-197], [-295], [-395], [-94], [-194], [-294], [-394], [-102], [-93], [-202], [-193], [-302], [-402], [-110], [-101], [-210], [-201], [-310], [-410], [-118], [-109], [-218], [-209], [-318], [-418], [-126], [-117], [-226], [-217]]
TURN_RIGHT
MOVE_FORWARD
Score: -110
Move to: (5, 6)
PERCEIVE_BREEZE
[[-120], [-220], [-320], [-420], [-128], [-112], [-119], [-121], [-228], [-212], [-219], [-221], [328], [-428], [-328, 120, 127, 129, 136], [-136, 328], [-120, 328], [-127, 328], [-129, 328], [-236], [-227], [-229], [-312], [-412], [-104], [-111], [-113], [-204], [-211], [-213], [-304], [-404], [-96], [-103], [-105], [-196], [-203], [-205], [-296], [-396], [-95], [-97], [-195], [-197], [-295], [-395], [-94], [-194], [-294], [-394], [-102], [-93], [-202], [-193], [-302], [-402], [-110], [-101], [-210], [-201], [-310], [-410], [-118], [-109], [-218], [-209], [-318], [-418], [-126], [-117], [-226], [-217], [326], [-426], [-326, 118, 125, 127, 134], [-134, 326], [-118, 326], [-125, 326], [-127, 326], [-234], [-225]]
Infer: (6, 6)
TURN_RIGHT
INFER_PIT
INFER_NOT_PIT
Infer: (5, 7)
TURN_UP
INFER_PIT
INFER_NOT_PIT
Infer: (5, 5)
TURN_DOWN
INFER_PIT
INFER_NOT_PIT
TURN_LEFT
MOVE_FORWARD
Score: -120
Backtrack: (4, 6)
TURN_UP
MOVE_FORWARD
Score: -130
Move to: (4, 7)
[[-120], [-220], [-320], [-420], [-128], [-112], [-119], [-121], [-228], [-212], [-219], [-221], [328], [-428], [-328, 120, 127, 129, 136], [-136, 328], [-120, 328], [-127, 328], [-129, 328], [-236], [-227], [-229], [-312], [-412], [-104], [-111], [-113], [-204], [-211], [-213], [-304], [-404], [-96], [-103], [-105], [-196], [-203], [-205], [-296], [-396], [-95], [-97], [-195], [-197], [-295], [-395], [-94], [-194], [-294], [-394], [-102], [-93], [-202], [-193], [-302], [-402], [-110], [-101], [-210], [-201], [-310], [-410], [-118], [-109], [-218], [-209], [-318], [-418], [-126], [-117], [-226], [-217], [326], [-426], [-326, 118, 125, 127, 134], [-134, 326], [-118, 326], [-125, 326], [-127, 326], [-234], [-225], [-317], [-417], [-125], [-116], [-216]]
TURN_RIGHT
MOVE_FORWARD
Score: -140
Move to: (5, 7)
[[-120], [-220], [-320], [-420], [-128], [-112], [-119], [-121], [-228], [-212], [-219], [-221], [328], [-428], [-328, 120, 127, 129, 136], [-136, 328], [-120, 328], [-127, 328], [-129, 328], [-236], [-227], [-229], [-312], [-412], [-104], [-111], [-113], [-204], [-211], [-213], [-304], [-404], [-96], [-103], [-105], [-196], [-203], [-205], [-296], [-396], [-95], [-97], [-195], [-197], [-295], [-395], [-94], [-194], [-294], [-394], [-102], [-93], [-202], [-193], [-302], [-402], [-110], [-101], [-210], [-201], [-310], [-410], [-118], [-109], [-218], [-209], [-318], [-418], [-126], [-117], [-226], [-217], [326], [-426], [-326, 118, 125, 127, 134], [-134, 326], [-118, 326], [-125, 326], [-127, 326], [-234], [-225], [-317], [-417], [-125], [-116], [-216], [-325], [-425], [-133], [-124], [-233], [-224]]
TURN_RIGHT
MOVE_FORWARD
Score: -150
Move to: (6, 7)
PERCEIVE_BREEZE
[[-120], [-220], [-320], [-420], [-128], [-112], [-119], [-121], [-228], [-212], [-219], [-221], [328], [-428], [-328, 120, 127, 129, 136], [-136, 328], [-120, 328], [-127, 328], [-129, 328], [-236], [-227], [-229], [-312], [-412], [-104], [-111], [-113], [-204], [-211], [-213], [-304], [-404], [-96], [-103], [-105], [-196], [-203], [-205], [-296], [-396], [-95], [-97], [-195], [-197], [-295], [-395], [-94], [-194], [-294], [-394], [-102], [-93], [-202], [-193], [-302], [-402], [-110], [-101], [-210], [-201], [-310], [-410], [-118], [-109], [-218], [-209], [-318], [-418], [-126], [-117], [-226], [-217], [326], [-426], [-326, 118, 125, 127, 134], [-134, 326], [-118, 326], [-125, 326], [-127, 326], [-234], [-225], [-317], [-417], [-125], [-116], [-216], [-325], [-425], [-133], [-124], [-233], [-224], [333], [-433], [-333, 125, 132, 134, 141], [-141, 333], [-125, 333], [-132, 333], [-134, 333], [-241], [-232]]
Infer: (7, 7)
TURN_RIGHT
INFER_PIT
INFER_NOT_PIT
Infer: (6, 8)
TURN_UP
INFER_PIT
INFER_NOT_PIT
Infer: (6, 6)
TURN_DOWN
INFER_PIT
INFER_NOT_PIT
TURN_LEFT
MOVE_FORWARD
Score: -160
Backtrack: (5, 7)
TURN_UP
MOVE_FORWARD
Score: -170
Move to: (5, 8)
PERCEIVE_BREEZE
[[-120], [-220], [-320], [-420], [-128], [-112], [-119], [-121], [-228], [-212], [-219], [-221], [328], [-428], [-328, 120, 127, 129, 136], [-136, 328], [-120, 328], [-127, 328], [-129, 328], [-236], [-227], [-229], [-312], [-412], [-104], [-111], [-113], [-204], [-211], [-213], [-304], [-404], [-96], [-103], [-105], [-196], [-203], [-205], [-296], [-396], [-95], [-97], [-195], [-197], [-295], [-395], [-94], [-194], [-294], [-394], [-102], [-93], [-202], [-193], [-302], [-402], [-110], [-101], [-210], [-201], [-310], [-410], [-118], [-109], [-218], [-209], [-318], [-418], [-126], [-117], [-226], [-217], [326], [-426], [-326, 118, 125, 127, 134], [-134, 326], [-118, 326], [-125, 326], [-127, 326], [-234], [-225], [-317], [-417], [-125], [-116], [-216], [-325], [-425], [-133], [-124], [-233], [-224], [333], [-433], [-333, 125, 132, 134, 141], [-141, 333], [-125, 333], [-132, 333], [-134, 333], [-241], [-232], [324], [-424], [-324, 116, 125, 132], [-132, 324], [-116, 324], [-125, 324]]
Infer: (6, 8)
TURN_RIGHT
INFER_PIT
INFER_NOT_PIT
Infer: (4, 8)
TURN_LEFT
INFER_PIT
DETECT_PIT
[[-120], [-220], [-320], [-420], [-128], [-112], [-119], [-121], [-228], [-212], [-219], [-221], [328], [-428], [-328, 120, 127, 129, 136], [-136, 328], [-120, 328], [-127, 328], [-129, 328], [-236], [-227], [-229], [-312], [-412], [-104], [-111], [-113], [-204], [-211], [-213], [-304], [-404], [-96], [-103], [-105], [-196], [-203], [-205], [-296], [-396], [-95], [-97], [-195], [-197], [-295], [-395], [-94], [-194], [-294], [-394], [-102], [-93], [-202], [-193], [-302], [-402], [-110], [-101], [-210], [-201], [-310], [-410], [-118], [-109], [-218], [-209], [-318], [-418], [-126], [-117], [-226], [-217], [326], [-426], [-326, 118, 125, 127, 134], [-134, 326], [-118, 326], [-125, 326], [-127, 326], [-234], [-225], [-317], [-417], [-125], [-116], [-216], [-325], [-425], [-133], [-124], [-233], [-224], [333], [-433], [-333, 125, 132, 134, 141], [-141, 333], [-125, 333], [-132, 333], [-134, 333], [-241], [-232], [324], [-424], [-324, 116, 125, 132], [-132, 324], [-116, 324], [-125, 324], [316], [-416], [-316, 108, 117, 124], [-124, 316], [-108, 316], [-117, 316], [-208]]
TURN_DOWN
MOVE_FORWARD
Score: -180
Backtrack: (5, 7)
TURN_LEFT
MOVE_FORWARD
Score: -190
Backtrack: (4, 7)
TURN_UP
MOVE_FORWARD
Score: -200
Move to: (4, 8)
PERCEIVE_BREEZE
[[-120], [-220], [-320], [-420], [-128], [-112], [-119], [-121], [-228], [-212], [-219], [-221], [328], [-428], [-328, 120, 127, 129, 136], [-136, 328], [-120, 328], [-127, 328], [-129, 328], [-236], [-227], [-229], [-312], [-412], [-104], [-111], [-113], [-204], [-211], [-213], [-304], [-404], [-96], [-103], [-105], [-196], [-203], [-205], [-296], [-396], [-95], [-97], [-195], [-197], [-295], [-395], [-94], [-194], [-294], [-394], [-102], [-93], [-202], [-193], [-302], [-402], [-110], [-101], [-210], [-201], [-310], [-410], [-118], [-109], [-218], [-209], [-318], [-418], [-126], [-117], [-226], [-217], [326], [-426], [-326, 118, 125, 127, 134], [-134, 326], [-118, 326], [-125, 326], [-127, 326], [-234], [-225], [-317], [-417], [-125], [-116], [-216], [-325], [-425], [-133], [-124], [-233], [-224], [333], [-433], [-333, 125, 132, 134, 141], [-141, 333], [-125, 333], [-132, 333], [-134, 333], [-241], [-232], [324], [-424], [-324, 116, 125, 132], [-132, 324], [-116, 324], [-125, 324], [316], [-416], [-316, 108, 117, 124], [-124, 316], [-108, 316], [-117, 316], [-208]]
Infer: (5, 8)
TURN_RIGHT
INFER_PIT
DETECT_PIT
[[-120], [-220], [-320], [-420], [-128], [-112], [-119], [-121], [-228], [-212], [-219], [-221], [328], [-428], [-328, 120, 127, 129, 136], [-136, 328], [-120, 328], [-127, 328], [-129, 328], [-236], [-227], [-229], [-312], [-412], [-104], [-111], [-113], [-204], [-211], [-213], [-304], [-404], [-96], [-103], [-105], [-196], [-203], [-205], [-296], [-396], [-95], [-97], [-195], [-197], [-295], [-395], [-94], [-194], [-294], [-394], [-102], [-93], [-202], [-193], [-302], [-402], [-110], [-101], [-210], [-201], [-310], [-410], [-118], [-109], [-218], [-209], [-318], [-418], [-126], [-117], [-226], [-217], [326], [-426], [-326, 118, 125, 127, 134], [-134, 326], [-118, 326], [-125, 326], [-127, 326], [-234], [-225], [-317], [-417], [-125], [-116], [-216], [-325], [-425], [-133], [-124], [-233], [-224], [333], [-433], [-333, 125, 132, 134, 141], [-141, 333], [-125, 333], [-132, 333], [-134, 333], [-241], [-232], [324], [-424], [-324, 116, 125, 132], [-132, 324], [-116, 324], [-125, 324], [316], [-416], [-316, 108, 117, 124], [-124, 316], [-108, 316], [-117, 316], [-208]]
Infer: (3, 8)
TURN_LEFT
INFER_PIT
INFER_NOT_PIT
Infer: (4, 7)
TURN_DOWN
INFER_PIT
DETECT_PIT
[[-120], [-220], [-320], [-420], [-128], [-112], [-119], [-121], [-228], [-212], [-219], [-221], [328], [-428], [-328, 120, 127, 129, 136], [-136, 328], [-120, 328], [-127, 328], [-129, 328], [-236], [-227], [-229], [-312], [-412], [-104], [-111], [-113], [-204], [-211], [-213], [-304], [-404], [-96], [-103], [-105], [-196], [-203], [-205], [-296], [-396], [-95], [-97], [-195], [-197], [-295], [-395], [-94], [-194], [-294], [-394], [-102], [-93], [-202], [-193], [-302], [-402], [-110], [-101], [-210], [-201], [-310], [-410], [-118], [-109], [-218], [-209], [-318], [-418], [-126], [-117], [-226], [-217], [326], [-426], [-326, 118, 125, 127, 134], [-134, 326], [-118, 326], [-125, 326], [-127, 326], [-234], [-225], [-317], [-417], [-125], [-116], [-216], [-325], [-425], [-133], [-124], [-233], [-224], [333], [-433], [-333, 125, 132, 134, 141], [-141, 333], [-125, 333], [-132, 333], [-134, 333], [-241], [-232], [324], [-424], [-324, 116, 125, 132], [-132, 324], [-116, 324], [-125, 324], [316], [-416], [-316, 108, 117, 124], [-124, 316], [-108, 316], [-117, 316], [-208]]
TURN_DOWN
MOVE_FORWARD
Score: -210
Backtrack: (4, 7)
TURN_DOWN
MOVE_FORWARD
Score: -220
Backtrack: (4, 6)
TURN_LEFT
MOVE_FORWARD
Score: -230
Backtrack: (3, 6)
TURN_UP
MOVE_FORWARD
Score: -240
Move to: (3, 7)
PERCEIVE_BREEZE
[[-120], [-220], [-320], [-420], [-128], [-112], [-119], [-121], [-228], [-212], [-219], [-221], [328], [-428], [-328, 120, 127, 129, 136], [-136, 328], [-120, 328], [-127, 328], [-129, 328], [-236], [-227], [-229], [-312], [-412], [-104], [-111], [-113], [-204], [-211], [-213], [-304], [-404], [-96], [-103], [-105], [-196], [-203], [-205], [-296], [-396], [-95], [-97], [-195], [-197], [-295], [-395], [-94], [-194], [-294], [-394], [-102], [-93], [-202], [-193], [-302], [-402], [-110], [-101], [-210], [-201], [-310], [-410], [-118], [-109], [-218], [-209], [-318], [-418], [-126], [-117], [-226], [-217], [326], [-426], [-326, 118, 125, 127, 134], [-134, 326], [-118, 326], [-125, 326], [-127, 326], [-234], [-225], [-317], [-417], [-125], [-116], [-216], [-325], [-425], [-133], [-124], [-233], [-224], [333], [-433], [-333, 125, 132, 134, 141], [-141, 333], [-125, 333], [-132, 333], [-134, 333], [-241], [-232], [324], [-424], [-324, 116, 125, 132], [-132, 324], [-116, 324], [-125, 324], [316], [-416], [-316, 108, 117, 124], [-124, 316], [-108, 316], [-117, 316], [-208], [309], [-409], [-309, 101, 108, 110, 117], [-117, 309], [-101, 309], [-108, 309], [-110, 309]]
Infer: (4, 7)
TURN_RIGHT
INFER_PIT
DETECT_PIT
[[-120], [-220], [-320], [-420], [-128], [-112], [-119], [-121], [-228], [-212], [-219], [-221], [328], [-428], [-328, 120, 127, 129, 136], [-136, 328], [-120, 328], [-127, 328], [-129, 328], [-236], [-227], [-229], [-312], [-412], [-104], [-111], [-113], [-204], [-211], [-213], [-304], [-404], [-96], [-103], [-105], [-196], [-203], [-205], [-296], [-396], [-95], [-97], [-195], [-197], [-295], [-395], [-94], [-194], [-294], [-394], [-102], [-93], [-202], [-193], [-302], [-402], [-110], [-101], [-210], [-201], [-310], [-410], [-118], [-109], [-218], [-209], [-318], [-418], [-126], [-117], [-226], [-217], [326], [-426], [-326, 118, 125, 127, 134], [-134, 326], [-118, 326], [-125, 326], [-127, 326], [-234], [-225], [-317], [-417], [-125], [-116], [-216], [-325], [-425], [-133], [-124], [-233], [-224], [333], [-433], [-333, 125, 132, 134, 141], [-141, 333], [-125, 333], [-132, 333], [-134, 333], [-241], [-232], [324], [-424], [-324, 116, 125, 132], [-132, 324], [-116, 324], [-125, 324], [316], [-416], [-316, 108, 117, 124], [-124, 316], [-108, 316], [-117, 316], [-208], [309], [-409], [-309, 101, 108, 110, 117], [-117, 309], [-101, 309], [-108, 309], [-110, 309]]
Infer: (2, 7)
TURN_LEFT
INFER_PIT
DETECT_PIT
[[-120], [-220], [-320], [-420], [-128], [-112], [-119], [-121], [-228], [-212], [-219], [-221], [328], [-428], [-328, 120, 127, 129, 136], [-136, 328], [-120, 328], [-127, 328], [-129, 328], [-236], [-227], [-229], [-312], [-412], [-104], [-111], [-113], [-204], [-211], [-213], [-304], [-404], [-96], [-103], [-105], [-196], [-203], [-205], [-296], [-396], [-95], [-97], [-195], [-197], [-295], [-395], [-94], [-194], [-294], [-394], [-102], [-93], [-202], [-193], [-302], [-402], [-110], [-101], [-210], [-201], [-310], [-410], [-118], [-109], [-218], [-209], [-318], [-418], [-126], [-117], [-226], [-217], [326], [-426], [-326, 118, 125, 127, 134], [-134, 326], [-118, 326], [-125, 326], [-127, 326], [-234], [-225], [-317], [-417], [-125], [-116], [-216], [-325], [-425], [-133], [-124], [-233], [-224], [333], [-433], [-333, 125, 132, 134, 141], [-141, 333], [-125, 333], [-132, 333], [-134, 333], [-241], [-232], [324], [-424], [-324, 116, 125, 132], [-132, 324], [-116, 324], [-125, 324], [316], [-416], [-316, 108, 117, 124], [-124, 316], [-108, 316], [-117, 316], [-208], [309], [-409], [-309, 101, 108, 110, 117], [-117, 309], [-101, 309], [-108, 309], [-110, 309], [-301], [-401], [-100], [-200]]
Infer: (3, 8)
TURN_UP
INFER_PIT
INFER_NOT_PIT
TURN_DOWN
MOVE_FORWARD
Score: -250
Backtrack: (3, 6)
TURN_LEFT
MOVE_FORWARD
Score: -260
Backtrack: (2, 6)
TURN_UP
MOVE_FORWARD
Score: -270
Move to: (2, 7)
[[-120], [-220], [-320], [-420], [-128], [-112], [-119], [-121], [-228], [-212], [-219], [-221], [328], [-428], [-328, 120, 127, 129, 136], [-136, 328], [-120, 328], [-127, 328], [-129, 328], [-236], [-227], [-229], [-312], [-412], [-104], [-111], [-113], [-204], [-211], [-213], [-304], [-404], [-96], [-103], [-105], [-196], [-203], [-205], [-296], [-396], [-95], [-97], [-195], [-197], [-295], [-395], [-94], [-194], [-294], [-394], [-102], [-93], [-202], [-193], [-302], [-402], [-110], [-101], [-210], [-201], [-310], [-410], [-118], [-109], [-218], [-209], [-318], [-418], [-126], [-117], [-226], [-217], [326], [-426], [-326, 118, 125, 127, 134], [-134, 326], [-118, 326], [-125, 326], [-127, 326], [-234], [-225], [-317], [-417], [-125], [-116], [-216], [-325], [-425], [-133], [-124], [-233], [-224], [333], [-433], [-333, 125, 132, 134, 141], [-141, 333], [-125, 333], [-132, 333], [-134, 333], [-241], [-232], [324], [-424], [-324, 116, 125, 132], [-132, 324], [-116, 324], [-125, 324], [316], [-416], [-316, 108, 117, 124], [-124, 316], [-108, 316], [-117, 316], [-208], [309], [-409], [-309, 101, 108, 110, 117], [-117, 309], [-101, 309], [-108, 309], [-110, 309], [-301], [-401], [-100], [-200]]
TURN_UP
MOVE_FORWARD
Score: -280
Move to: (2, 8)
PERCEIVE_BREEZE
[[-120], [-220], [-320], [-420], [-128], [-112], [-119], [-121], [-228], [-212], [-219], [-221], [328], [-428], [-328, 120, 127, 129, 136], [-136, 328], [-120, 328], [-127, 328], [-129, 328], [-236], [-227], [-229], [-312], [-412], [-104], [-111], [-113], [-204], [-211], [-213], [-304], [-404], [-96], [-103], [-105], [-196], [-203], [-205], [-296], [-396], [-95], [-97], [-195], [-197], [-295], [-395], [-94], [-194], [-294], [-394], [-102], [-93], [-202], [-193], [-302], [-402], [-110], [-101], [-210], [-201], [-310], [-410], [-118], [-109], [-218], [-209], [-318], [-418], [-126], [-117], [-226], [-217], [326], [-426], [-326, 118, 125, 127, 134], [-134, 326], [-118, 326], [-125, 326], [-127, 326], [-234], [-225], [-317], [-417], [-125], [-116], [-216], [-325], [-425], [-133], [-124], [-233], [-224], [333], [-433], [-333, 125, 132, 134, 141], [-141, 333], [-125, 333], [-132, 333], [-134, 333], [-241], [-232], [324], [-424], [-324, 116, 125, 132], [-132, 324], [-116, 324], [-125, 324], [316], [-416], [-316, 108, 117, 124], [-124, 316], [-108, 316], [-117, 316], [-208], [309], [-409], [-309, 101, 108, 110, 117], [-117, 309], [-101, 309], [-108, 309], [-110, 309], [-301], [-401], [-100], [-200], [300], [-400], [-300, 92, 101, 108], [-108, 300], [-92, 300], [-101, 300], [-192]]
Infer: (3, 8)
TURN_RIGHT
INFER_PIT
INFER_NOT_PIT
Infer: (1, 8)
TURN_LEFT
INFER_PIT
INFER_NOT_PIT
TURN_DOWN
MOVE_FORWARD
Score: -290
Backtrack: (2, 7)
TURN_DOWN
MOVE_FORWARD
Score: -300
Backtrack: (2, 6)
TURN_LEFT
MOVE_FORWARD
Score: -310
Backtrack: (1, 6)
TURN_UP
MOVE_FORWARD
Score: -320
Move to: (1, 7)
[[-120], [-220], [-320], [-420], [-128], [-112], [-119], [-121], [-228], [-212], [-219], [-221], [328], [-428], [-328, 120, 127, 129, 136], [-136, 328], [-120, 328], [-127, 328], [-129, 328], [-236], [-227], [-229], [-312], [-412], [-104], [-111], [-113], [-204], [-211], [-213], [-304], [-404], [-96], [-103], [-105], [-196], [-203], [-205], [-296], [-396], [-95], [-97], [-195], [-197], [-295], [-395], [-94], [-194], [-294], [-394], [-102], [-93], [-202], [-193], [-302], [-402], [-110], [-101], [-210], [-201], [-310], [-410], [-118], [-109], [-218], [-209], [-318], [-418], [-126], [-117], [-226], [-217], [326], [-426], [-326, 118, 125, 127, 134], [-134, 326], [-118, 326], [-125, 326], [-127, 326], [-234], [-225], [-317], [-417], [-125], [-116], [-216], [-325], [-425], [-133], [-124], [-233], [-224], [333], [-433], [-333, 125, 132, 134, 141], [-141, 333], [-125, 333], [-132, 333], [-134, 333], [-241], [-232], [324], [-424], [-324, 116, 125, 132], [-132, 324], [-116, 324], [-125, 324], [316], [-416], [-316, 108, 117, 124], [-124, 316], [-108, 316], [-117, 316], [-208], [309], [-409], [-309, 101, 108, 110, 117], [-117, 309], [-101, 309], [-108, 309], [-110, 309], [-301], [-401], [-100], [-200], [300], [-400], [-300, 92, 101, 108], [-108, 300], [-92, 300], [-101, 300], [-192], [-293], [-393], [-92]]
TURN_UP
MOVE_FORWARD
Score: -330
Move to: (1, 8)
[[-120], [-220], [-320], [-420], [-128], [-112], [-119], [-121], [-228], [-212], [-219], [-221], [328], [-428], [-328, 120, 127, 129, 136], [-136, 328], [-120, 328], [-127, 328], [-129, 328], [-236], [-227], [-229], [-312], [-412], [-104], [-111], [-113], [-204], [-211], [-213], [-304], [-404], [-96], [-103], [-105], [-196], [-203], [-205], [-296], [-396], [-95], [-97], [-195], [-197], [-295], [-395], [-94], [-194], [-294], [-394], [-102], [-93], [-202], [-193], [-302], [-402], [-110], [-101], [-210], [-201], [-310], [-410], [-118], [-109], [-218], [-209], [-318], [-418], [-126], [-117], [-226], [-217], [326], [-426], [-326, 118, 125, 127, 134], [-134, 326], [-118, 326], [-125, 326], [-127, 326], [-234], [-225], [-317], [-417], [-125], [-116], [-216], [-325], [-425], [-133], [-124], [-233], [-224], [333], [-433], [-333, 125, 132, 134, 141], [-141, 333], [-125, 333], [-132, 333], [-134, 333], [-241], [-232], [324], [-424], [-324, 116, 125, 132], [-132, 324], [-116, 324], [-125, 324], [316], [-416], [-316, 108, 117, 124], [-124, 316], [-108, 316], [-117, 316], [-208], [309], [-409], [-309, 101, 108, 110, 117], [-117, 309], [-101, 309], [-108, 309], [-110, 309], [-301], [-401], [-100], [-200], [300], [-400], [-300, 92, 101, 108], [-108, 300], [-92, 300], [-101, 300], [-192], [-293], [-393], [-92], [-292], [-392]]
TURN_DOWN
MOVE_FORWARD
Score: -340
Backtrack: (1, 7)
TURN_DOWN
MOVE_FORWARD
Score: -350
Backtrack: (1, 6)
TURN_DOWN
MOVE_FORWARD
Score: -360
Backtrack: (1, 5)
TURN_DOWN
MOVE_FORWARD
Score: -370
Backtrack: (1, 4)
TURN_DOWN
MOVE_FORWARD
Score: -380
Move to: (1, 3)
[[-120], [-220], [-320], [-420], [-128], [-112], [-119], [-121], [-228], [-212], [-219], [-221], [328], [-428], [-328, 120, 127, 129, 136], [-136, 328], [-120, 328], [-127, 328], [-129, 328], [-236], [-227], [-229], [-312], [-412], [-104], [-111], [-113], [-204], [-211], [-213], [-304], [-404], [-96], [-103], [-105], [-196], [-203], [-205], [-296], [-396], [-95], [-97], [-195], [-197], [-295], [-395], [-94], [-194], [-294], [-394], [-102], [-93], [-202], [-193], [-302], [-402], [-110], [-101], [-210], [-201], [-310], [-410], [-118], [-109], [-218], [-209], [-318], [-418], [-126], [-117], [-226], [-217], [326], [-426], [-326, 118, 125, 127, 134], [-134, 326], [-118, 326], [-125, 326], [-127, 326], [-234], [-225], [-317], [-417], [-125], [-116], [-216], [-325], [-425], [-133], [-124], [-233], [-224], [333], [-433], [-333, 125, 132, 134, 141], [-141, 333], [-125, 333], [-132, 333], [-134, 333], [-241], [-232], [324], [-424], [-324, 116, 125, 132], [-132, 324], [-116, 324], [-125, 324], [316], [-416], [-316, 108, 117, 124], [-124, 316], [-108, 316], [-117, 316], [-208], [309], [-409], [-309, 101, 108, 110, 117], [-117, 309], [-101, 309], [-108, 309], [-110, 309], [-301], [-401], [-100], [-200], [300], [-400], [-300, 92, 101, 108], [-108, 300], [-92, 300], [-101, 300], [-192], [-293], [-393], [-92], [-292], [-392], [-297], [-397], [-98], [-198]]
TURN_DOWN
MOVE_FORWARD
Score: -390
Move to: (1, 2)
[[-120], [-220], [-320], [-420], [-128], [-112], [-119], [-121], [-228], [-212], [-219], [-221], [328], [-428], [-328, 120, 127, 129, 136], [-136, 328], [-120, 328], [-127, 328], [-129, 328], [-236], [-227], [-229], [-312], [-412], [-104], [-111], [-113], [-204], [-211], [-213], [-304], [-404], [-96], [-103], [-105], [-196], [-203], [-205], [-296], [-396], [-95], [-97], [-195], [-197], [-295], [-395], [-94], [-194], [-294], [-394], [-102], [-93], [-202], [-193], [-302], [-402], [-110], [-101], [-210], [-201], [-310], [-410], [-118], [-109], [-218], [-209], [-318], [-418], [-126], [-117], [-226], [-217], [326], [-426], [-326, 118, 125, 127, 134], [-134, 326], [-118, 326], [-125, 326], [-127, 326], [-234], [-225], [-317], [-417], [-125], [-116], [-216], [-325], [-425], [-133], [-124], [-233], [-224], [333], [-433], [-333, 125, 132, 134, 141], [-141, 333], [-125, 333], [-132, 333], [-134, 333], [-241], [-232], [324], [-424], [-324, 116, 125, 132], [-132, 324], [-116, 324], [-125, 324], [316], [-416], [-316, 108, 117, 124], [-124, 316], [-108, 316], [-117, 316], [-208], [309], [-409], [-309, 101, 108, 110, 117], [-117, 309], [-101, 309], [-108, 309], [-110, 309], [-301], [-401], [-100], [-200], [300], [-400], [-300, 92, 101, 108], [-108, 300], [-92, 300], [-101, 300], [-192], [-293], [-393], [-92], [-292], [-392], [-297], [-397], [-98], [-198], [-298], [-398], [-106], [-99], [-206], [-199]]
TURN_RIGHT
MOVE_FORWARD
Score: -400
Move to: (2, 2)
[[-120], [-220], [-320], [-420], [-128], [-112], [-119], [-121], [-228], [-212], [-219], [-221], [328], [-428], [-328, 120, 127, 129, 136], [-136, 328], [-120, 328], [-127, 328], [-129, 328], [-236], [-227], [-229], [-312], [-412], [-104], [-111], [-113], [-204], [-211], [-213], [-304], [-404], [-96], [-103], [-105], [-196], [-203], [-205], [-296], [-396], [-95], [-97], [-195], [-197], [-295], [-395], [-94], [-194], [-294], [-394], [-102], [-93], [-202], [-193], [-302], [-402], [-110], [-101], [-210], [-201], [-310], [-410], [-118], [-109], [-218], [-209], [-318], [-418], [-126], [-117], [-226], [-217], [326], [-426], [-326, 118, 125, 127, 134], [-134, 326], [-118, 326], [-125, 326], [-127, 326], [-234], [-225], [-317], [-417], [-125], [-116], [-216], [-325], [-425], [-133], [-124], [-233], [-224], [333], [-433], [-333, 125, 132, 134, 141], [-141, 333], [-125, 333], [-132, 333], [-134, 333], [-241], [-232], [324], [-424], [-324, 116, 125, 132], [-132, 324], [-116, 324], [-125, 324], [316], [-416], [-316, 108, 117, 124], [-124, 316], [-108, 316], [-117, 316], [-208], [309], [-409], [-309, 101, 108, 110, 117], [-117, 309], [-101, 309], [-108, 309], [-110, 309], [-301], [-401], [-100], [-200], [300], [-400], [-300, 92, 101, 108], [-108, 300], [-92, 300], [-101, 300], [-192], [-293], [-393], [-92], [-292], [-392], [-297], [-397], [-98], [-198], [-298], [-398], [-106], [-99], [-206], [-199], [-306], [-406], [-114], [-107], [-214], [-207]]
TURN_RIGHT
MOVE_FORWARD
Score: -410
Move to: (3, 2)
[[-120], [-220], [-320], [-420], [-128], [-112], [-119], [-121], [-228], [-212], [-219], [-221], [328], [-428], [-328, 120, 127, 129, 136], [-136, 328], [-120, 328], [-127, 328], [-129, 328], [-236], [-227], [-229], [-312], [-412], [-104], [-111], [-113], [-204], [-211], [-213], [-304], [-404], [-96], [-103], [-105], [-196], [-203], [-205], [-296], [-396], [-95], [-97], [-195], [-197], [-295], [-395], [-94], [-194], [-294], [-394], [-102], [-93], [-202], [-193], [-302], [-402], [-110], [-101], [-210], [-201], [-310], [-410], [-118], [-109], [-218], [-209], [-318], [-418], [-126], [-117], [-226], [-217], [326], [-426], [-326, 118, 125, 127, 134], [-134, 326], [-118, 326], [-125, 326], [-127, 326], [-234], [-225], [-317], [-417], [-125], [-116], [-216], [-325], [-425], [-133], [-124], [-233], [-224], [333], [-433], [-333, 125, 132, 134, 141], [-141, 333], [-125, 333], [-132, 333], [-134, 333], [-241], [-232], [324], [-424], [-324, 116, 125, 132], [-132, 324], [-116, 324], [-125, 324], [316], [-416], [-316, 108, 117, 124], [-124, 316], [-108, 316], [-117, 316], [-208], [309], [-409], [-309, 101, 108, 110, 117], [-117, 309], [-101, 309], [-108, 309], [-110, 309], [-301], [-401], [-100], [-200], [300], [-400], [-300, 92, 101, 108], [-108, 300], [-92, 300], [-101, 300], [-192], [-293], [-393], [-92], [-292], [-392], [-297], [-397], [-98], [-198], [-298], [-398], [-106], [-99], [-206], [-199], [-306], [-406], [-114], [-107], [-214], [-207], [-314], [-414], [-122], [-115], [-222], [-215]]
TURN_RIGHT
MOVE_FORWARD
Score: -420
Move to: (4, 2)
[[-120], [-220], [-320], [-420], [-128], [-112], [-119], [-121], [-228], [-212], [-219], [-221], [328], [-428], [-328, 120, 127, 129, 136], [-136, 328], [-120, 328], [-127, 328], [-129, 328], [-236], [-227], [-229], [-312], [-412], [-104], [-111], [-113], [-204], [-211], [-213], [-304], [-404], [-96], [-103], [-105], [-196], [-203], [-205], [-296], [-396], [-95], [-97], [-195], [-197], [-295], [-395], [-94], [-194], [-294], [-394], [-102], [-93], [-202], [-193], [-302], [-402], [-110], [-101], [-210], [-201], [-310], [-410], [-118], [-109], [-218], [-209], [-318], [-418], [-126], [-117], [-226], [-217], [326], [-426], [-326, 118, 125, 127, 134], [-134, 326], [-118, 326], [-125, 326], [-127, 326], [-234], [-225], [-317], [-417], [-125], [-116], [-216], [-325], [-425], [-133], [-124], [-233], [-224], [333], [-433], [-333, 125, 132, 134, 141], [-141, 333], [-125, 333], [-132, 333], [-134, 333], [-241], [-232], [324], [-424], [-324, 116, 125, 132], [-132, 324], [-116, 324], [-125, 324], [316], [-416], [-316, 108, 117, 124], [-124, 316], [-108, 316], [-117, 316], [-208], [309], [-409], [-309, 101, 108, 110, 117], [-117, 309], [-101, 309], [-108, 309], [-110, 309], [-301], [-401], [-100], [-200], [300], [-400], [-300, 92, 101, 108], [-108, 300], [-92, 300], [-101, 300], [-192], [-293], [-393], [-92], [-292], [-392], [-297], [-397], [-98], [-198], [-298], [-398], [-106], [-99], [-206], [-199], [-306], [-406], [-114], [-107], [-214], [-207], [-314], [-414], [-122], [-115], [-222], [-215], [-322], [-422], [-130], [-123], [-230], [-223]]
TURN_RIGHT
MOVE_FORWARD
Score: -430
Move to: (5, 2)
PERCEIVE_BREEZE
[[-120], [-220], [-320], [-420], [-128], [-112], [-119], [-121], [-228], [-212], [-219], [-221], [328], [-428], [-328, 120, 127, 129, 136], [-136, 328], [-120, 328], [-127, 328], [-129, 328], [-236], [-227], [-229], [-312], [-412], [-104], [-111], [-113], [-204], [-211], [-213], [-304], [-404], [-96], [-103], [-105], [-196], [-203], [-205], [-296], [-396], [-95], [-97], [-195], [-197], [-295], [-395], [-94], [-194], [-294], [-394], [-102], [-93], [-202], [-193], [-302], [-402], [-110], [-101], [-210], [-201], [-310], [-410], [-118], [-109], [-218], [-209], [-318], [-418], [-126], [-117], [-226], [-217], [326], [-426], [-326, 118, 125, 127, 134], [-134, 326], [-118, 326], [-125, 326], [-127, 326], [-234], [-225], [-317], [-417], [-125], [-116], [-216], [-325], [-425], [-133], [-124], [-233], [-224], [333], [-433], [-333, 125, 132, 134, 141], [-141, 333], [-125, 333], [-132, 333], [-134, 333], [-241], [-232], [324], [-424], [-324, 116, 125, 132], [-132, 324], [-116, 324], [-125, 324], [316], [-416], [-316, 108, 117, 124], [-124, 316], [-108, 316], [-117, 316], [-208], [309], [-409], [-309, 101, 108, 110, 117], [-117, 309], [-101, 309], [-108, 309], [-110, 309], [-301], [-401], [-100], [-200], [300], [-400], [-300, 92, 101, 108], [-108, 300], [-92, 300], [-101, 300], [-192], [-293], [-393], [-92], [-292], [-392], [-297], [-397], [-98], [-198], [-298], [-398], [-106], [-99], [-206], [-199], [-306], [-406], [-114], [-107], [-214], [-207], [-314], [-414], [-122], [-115], [-222], [-215], [-322], [-422], [-130], [-123], [-230], [-223], [330], [-430], [-330, 122, 129, 131, 138], [-138, 330], [-122, 330], [-129, 330], [-131, 330], [-238], [-231]]
Infer: (6, 2)
TURN_RIGHT
INFER_PIT
INFER_NOT_PIT
Infer: (5, 3)
TURN_UP
INFER_PIT
INFER_NOT_PIT
Infer: (5, 1)
TURN_DOWN
INFER_PIT
INFER_NOT_PIT
TURN_LEFT
MOVE_FORWARD
Score: -440
Backtrack: (4, 2)
TURN_DOWN
MOVE_FORWARD
Score: -450
Move to: (4, 1)
[[-120], [-220], [-320], [-420], [-128], [-112], [-119], [-121], [-228], [-212], [-219], [-221], [328], [-428], [-328, 120, 127, 129, 136], [-136, 328], [-120, 328], [-127, 328], [-129, 328], [-236], [-227], [-229], [-312], [-412], [-104], [-111], [-113], [-204], [-211], [-213], [-304], [-404], [-96], [-103], [-105], [-196], [-203], [-205], [-296], [-396], [-95], [-97], [-195], [-197], [-295], [-395], [-94], [-194], [-294], [-394], [-102], [-93], [-202], [-193], [-302], [-402], [-110], [-101], [-210], [-201], [-310], [-410], [-118], [-109], [-218], [-209], [-318], [-418], [-126], [-117], [-226], [-217], [326], [-426], [-326, 118, 125, 127, 134], [-134, 326], [-118, 326], [-125, 326], [-127, 326], [-234], [-225], [-317], [-417], [-125], [-116], [-216], [-325], [-425], [-133], [-124], [-233], [-224], [333], [-433], [-333, 125, 132, 134, 141], [-141, 333], [-125, 333], [-132, 333], [-134, 333], [-241], [-232], [324], [-424], [-324, 116, 125, 132], [-132, 324], [-116, 324], [-125, 324], [316], [-416], [-316, 108, 117, 124], [-124, 316], [-108, 316], [-117, 316], [-208], [309], [-409], [-309, 101, 108, 110, 117], [-117, 309], [-101, 309], [-108, 309], [-110, 309], [-301], [-401], [-100], [-200], [300], [-400], [-300, 92, 101, 108], [-108, 300], [-92, 300], [-101, 300], [-192], [-293], [-393], [-92], [-292], [-392], [-297], [-397], [-98], [-198], [-298], [-398], [-106], [-99], [-206], [-199], [-306], [-406], [-114], [-107], [-214], [-207], [-314], [-414], [-122], [-115], [-222], [-215], [-322], [-422], [-130], [-123], [-230], [-223], [330], [-430], [-330, 122, 129, 131, 138], [-138, 330], [-122, 330], [-129, 330], [-131, 330], [-238], [-231], [-323], [-423], [-131]]
TURN_RIGHT
MOVE_FORWARD
Score: -460
Move to: (5, 1)
[[-120], [-220], [-320], [-420], [-128], [-112], [-119], [-121], [-228], [-212], [-219], [-221], [328], [-428], [-328, 120, 127, 129, 136], [-136, 328], [-120, 328], [-127, 328], [-129, 328], [-236], [-227], [-229], [-312], [-412], [-104], [-111], [-113], [-204], [-211], [-213], [-304], [-404], [-96], [-103], [-105], [-196], [-203], [-205], [-296], [-396], [-95], [-97], [-195], [-197], [-295], [-395], [-94], [-194], [-294], [-394], [-102], [-93], [-202], [-193], [-302], [-402], [-110], [-101], [-210], [-201], [-310], [-410], [-118], [-109], [-218], [-209], [-318], [-418], [-126], [-117], [-226], [-217], [326], [-426], [-326, 118, 125, 127, 134], [-134, 326], [-118, 326], [-125, 326], [-127, 326], [-234], [-225], [-317], [-417], [-125], [-116], [-216], [-325], [-425], [-133], [-124], [-233], [-224], [333], [-433], [-333, 125, 132, 134, 141], [-141, 333], [-125, 333], [-132, 333], [-134, 333], [-241], [-232], [324], [-424], [-324, 116, 125, 132], [-132, 324], [-116, 324], [-125, 324], [316], [-416], [-316, 108, 117, 124], [-124, 316], [-108, 316], [-117, 316], [-208], [309], [-409], [-309, 101, 108, 110, 117], [-117, 309], [-101, 309], [-108, 309], [-110, 309], [-301], [-401], [-100], [-200], [300], [-400], [-300, 92, 101, 108], [-108, 300], [-92, 300], [-101, 300], [-192], [-293], [-393], [-92], [-292], [-392], [-297], [-397], [-98], [-198], [-298], [-398], [-106], [-99], [-206], [-199], [-306], [-406], [-114], [-107], [-214], [-207], [-314], [-414], [-122], [-115], [-222], [-215], [-322], [-422], [-130], [-123], [-230], [-223], [330], [-430], [-330, 122, 129, 131, 138], [-138, 330], [-122, 330], [-129, 330], [-131, 330], [-238], [-231], [-323], [-423], [-131], [-331], [-431], [-139], [-239]]
TURN_RIGHT
MOVE_FORWARD
Score: -470
Move to: (6, 1)
[[-120], [-220], [-320], [-420], [-128], [-112], [-119], [-121], [-228], [-212], [-219], [-221], [328], [-428], [-328, 120, 127, 129, 136], [-136, 328], [-120, 328], [-127, 328], [-129, 328], [-236], [-227], [-229], [-312], [-412], [-104], [-111], [-113], [-204], [-211], [-213], [-304], [-404], [-96], [-103], [-105], [-196], [-203], [-205], [-296], [-396], [-95], [-97], [-195], [-197], [-295], [-395], [-94], [-194], [-294], [-394], [-102], [-93], [-202], [-193], [-302], [-402], [-110], [-101], [-210], [-201], [-310], [-410], [-118], [-109], [-218], [-209], [-318], [-418], [-126], [-117], [-226], [-217], [326], [-426], [-326, 118, 125, 127, 134], [-134, 326], [-118, 326], [-125, 326], [-127, 326], [-234], [-225], [-317], [-417], [-125], [-116], [-216], [-325], [-425], [-133], [-124], [-233], [-224], [333], [-433], [-333, 125, 132, 134, 141], [-141, 333], [-125, 333], [-132, 333], [-134, 333], [-241], [-232], [324], [-424], [-324, 116, 125, 132], [-132, 324], [-116, 324], [-125, 324], [316], [-416], [-316, 108, 117, 124], [-124, 316], [-108, 316], [-117, 316], [-208], [309], [-409], [-309, 101, 108, 110, 117], [-117, 309], [-101, 309], [-108, 309], [-110, 309], [-301], [-401], [-100], [-200], [300], [-400], [-300, 92, 101, 108], [-108, 300], [-92, 300], [-101, 300], [-192], [-293], [-393], [-92], [-292], [-392], [-297], [-397], [-98], [-198], [-298], [-398], [-106], [-99], [-206], [-199], [-306], [-406], [-114], [-107], [-214], [-207], [-314], [-414], [-122], [-115], [-222], [-215], [-322], [-422], [-130], [-123], [-230], [-223], [330], [-430], [-330, 122, 129, 131, 138], [-138, 330], [-122, 330], [-129, 330], [-131, 330], [-238], [-231], [-323], [-423], [-131], [-331], [-431], [-139], [-239], [-339], [-439], [-147], [-138], [-247]]
TURN_RIGHT
MOVE_FORWARD
Score: -480
Move to: (7, 1)
[[-120], [-220], [-320], [-420], [-128], [-112], [-119], [-121], [-228], [-212], [-219], [-221], [328], [-428], [-328, 120, 127, 129, 136], [-136, 328], [-120, 328], [-127, 328], [-129, 328], [-236], [-227], [-229], [-312], [-412], [-104], [-111], [-113], [-204], [-211], [-213], [-304], [-404], [-96], [-103], [-105], [-196], [-203], [-205], [-296], [-396], [-95], [-97], [-195], [-197], [-295], [-395], [-94], [-194], [-294], [-394], [-102], [-93], [-202], [-193], [-302], [-402], [-110], [-101], [-210], [-201], [-310], [-410], [-118], [-109], [-218], [-209], [-318], [-418], [-126], [-117], [-226], [-217], [326], [-426], [-326, 118, 125, 127, 134], [-134, 326], [-118, 326], [-125, 326], [-127, 326], [-234], [-225], [-317], [-417], [-125], [-116], [-216], [-325], [-425], [-133], [-124], [-233], [-224], [333], [-433], [-333, 125, 132, 134, 141], [-141, 333], [-125, 333], [-132, 333], [-134, 333], [-241], [-232], [324], [-424], [-324, 116, 125, 132], [-132, 324], [-116, 324], [-125, 324], [316], [-416], [-316, 108, 117, 124], [-124, 316], [-108, 316], [-117, 316], [-208], [309], [-409], [-309, 101, 108, 110, 117], [-117, 309], [-101, 309], [-108, 309], [-110, 309], [-301], [-401], [-100], [-200], [300], [-400], [-300, 92, 101, 108], [-108, 300], [-92, 300], [-101, 300], [-192], [-293], [-393], [-92], [-292], [-392], [-297], [-397], [-98], [-198], [-298], [-398], [-106], [-99], [-206], [-199], [-306], [-406], [-114], [-107], [-214], [-207], [-314], [-414], [-122], [-115], [-222], [-215], [-322], [-422], [-130], [-123], [-230], [-223], [330], [-430], [-330, 122, 129, 131, 138], [-138, 330], [-122, 330], [-129, 330], [-131, 330], [-238], [-231], [-323], [-423], [-131], [-331], [-431], [-139], [-239], [-339], [-439], [-147], [-138], [-247], [-347], [-447], [-155], [-146], [-255], [-246]]
TURN_RIGHT
MOVE_FORWARD
Score: -490
Move to: (8, 1)
[[-120], [-220], [-320], [-420], [-128], [-112], [-119], [-121], [-228], [-212], [-219], [-221], [328], [-428], [-328, 120, 127, 129, 136], [-136, 328], [-120, 328], [-127, 328], [-129, 328], [-236], [-227], [-229], [-312], [-412], [-104], [-111], [-113], [-204], [-211], [-213], [-304], [-404], [-96], [-103], [-105], [-196], [-203], [-205], [-296], [-396], [-95], [-97], [-195], [-197], [-295], [-395], [-94], [-194], [-294], [-394], [-102], [-93], [-202], [-193], [-302], [-402], [-110], [-101], [-210], [-201], [-310], [-410], [-118], [-109], [-218], [-209], [-318], [-418], [-126], [-117], [-226], [-217], [326], [-426], [-326, 118, 125, 127, 134], [-134, 326], [-118, 326], [-125, 326], [-127, 326], [-234], [-225], [-317], [-417], [-125], [-116], [-216], [-325], [-425], [-133], [-124], [-233], [-224], [333], [-433], [-333, 125, 132, 134, 141], [-141, 333], [-125, 333], [-132, 333], [-134, 333], [-241], [-232], [324], [-424], [-324, 116, 125, 132], [-132, 324], [-116, 324], [-125, 324], [316], [-416], [-316, 108, 117, 124], [-124, 316], [-108, 316], [-117, 316], [-208], [309], [-409], [-309, 101, 108, 110, 117], [-117, 309], [-101, 309], [-108, 309], [-110, 309], [-301], [-401], [-100], [-200], [300], [-400], [-300, 92, 101, 108], [-108, 300], [-92, 300], [-101, 300], [-192], [-293], [-393], [-92], [-292], [-392], [-297], [-397], [-98], [-198], [-298], [-398], [-106], [-99], [-206], [-199], [-306], [-406], [-114], [-107], [-214], [-207], [-314], [-414], [-122], [-115], [-222], [-215], [-322], [-422], [-130], [-123], [-230], [-223], [330], [-430], [-330, 122, 129, 131, 138], [-138, 330], [-122, 330], [-129, 330], [-131, 330], [-238], [-231], [-323], [-423], [-131], [-331], [-431], [-139], [-239], [-339], [-439], [-147], [-138], [-247], [-347], [-447], [-155], [-146], [-255], [-246], [-355], [-455], [-154], [-254]]
TURN_UP
MOVE_FORWARD
Score: -500
Move to: (8, 2)
[[-120], [-220], [-320], [-420], [-128], [-112], [-119], [-121], [-228], [-212], [-219], [-221], [328], [-428], [-328, 120, 127, 129, 136], [-136, 328], [-120, 328], [-127, 328], [-129, 328], [-236], [-227], [-229], [-312], [-412], [-104], [-111], [-113], [-204], [-211], [-213], [-304], [-404], [-96], [-103], [-105], [-196], [-203], [-205], [-296], [-396], [-95], [-97], [-195], [-197], [-295], [-395], [-94], [-194], [-294], [-394], [-102], [-93], [-202], [-193], [-302], [-402], [-110], [-101], [-210], [-201], [-310], [-410], [-118], [-109], [-218], [-209], [-318], [-418], [-126], [-117], [-226], [-217], [326], [-426], [-326, 118, 125, 127, 134], [-134, 326], [-118, 326], [-125, 326], [-127, 326], [-234], [-225], [-317], [-417], [-125], [-116], [-216], [-325], [-425], [-133], [-124], [-233], [-224], [333], [-433], [-333, 125, 132, 134, 141], [-141, 333], [-125, 333], [-132, 333], [-134, 333], [-241], [-232], [324], [-424], [-324, 116, 125, 132], [-132, 324], [-116, 324], [-125, 324], [316], [-416], [-316, 108, 117, 124], [-124, 316], [-108, 316], [-117, 316], [-208], [309], [-409], [-309, 101, 108, 110, 117], [-117, 309], [-101, 309], [-108, 309], [-110, 309], [-301], [-401], [-100], [-200], [300], [-400], [-300, 92, 101, 108], [-108, 300], [-92, 300], [-101, 300], [-192], [-293], [-393], [-92], [-292], [-392], [-297], [-397], [-98], [-198], [-298], [-398], [-106], [-99], [-206], [-199], [-306], [-406], [-114], [-107], [-214], [-207], [-314], [-414], [-122], [-115], [-222], [-215], [-322], [-422], [-130], [-123], [-230], [-223], [330], [-430], [-330, 122, 129, 131, 138], [-138, 330], [-122, 330], [-129, 330], [-131, 330], [-238], [-231], [-323], [-423], [-131], [-331], [-431], [-139], [-239], [-339], [-439], [-147], [-138], [-247], [-347], [-447], [-155], [-146], [-255], [-246], [-355], [-455], [-154], [-254], [-354], [-454], [-153], [-253]]
TURN_UP
MOVE_FORWARD
Score: -510
Move to: (8, 3)
[[-120], [-220], [-320], [-420], [-128], [-112], [-119], [-121], [-228], [-212], [-219], [-221], [328], [-428], [-328, 120, 127, 129, 136], [-136, 328], [-120, 328], [-127, 328], [-129, 328], [-236], [-227], [-229], [-312], [-412], [-104], [-111], [-113], [-204], [-211], [-213], [-304], [-404], [-96], [-103], [-105], [-196], [-203], [-205], [-296], [-396], [-95], [-97], [-195], [-197], [-295], [-395], [-94], [-194], [-294], [-394], [-102], [-93], [-202], [-193], [-302], [-402], [-110], [-101], [-210], [-201], [-310], [-410], [-118], [-109], [-218], [-209], [-318], [-418], [-126], [-117], [-226], [-217], [326], [-426], [-326, 118, 125, 127, 134], [-134, 326], [-118, 326], [-125, 326], [-127, 326], [-234], [-225], [-317], [-417], [-125], [-116], [-216], [-325], [-425], [-133], [-124], [-233], [-224], [333], [-433], [-333, 125, 132, 134, 141], [-141, 333], [-125, 333], [-132, 333], [-134, 333], [-241], [-232], [324], [-424], [-324, 116, 125, 132], [-132, 324], [-116, 324], [-125, 324], [316], [-416], [-316, 108, 117, 124], [-124, 316], [-108, 316], [-117, 316], [-208], [309], [-409], [-309, 101, 108, 110, 117], [-117, 309], [-101, 309], [-108, 309], [-110, 309], [-301], [-401], [-100], [-200], [300], [-400], [-300, 92, 101, 108], [-108, 300], [-92, 300], [-101, 300], [-192], [-293], [-393], [-92], [-292], [-392], [-297], [-397], [-98], [-198], [-298], [-398], [-106], [-99], [-206], [-199], [-306], [-406], [-114], [-107], [-214], [-207], [-314], [-414], [-122], [-115], [-222], [-215], [-322], [-422], [-130], [-123], [-230], [-223], [330], [-430], [-330, 122, 129, 131, 138], [-138, 330], [-122, 330], [-129, 330], [-131, 330], [-238], [-231], [-323], [-423], [-131], [-331], [-431], [-139], [-239], [-339], [-439], [-147], [-138], [-247], [-347], [-447], [-155], [-146], [-255], [-246], [-355], [-455], [-154], [-254], [-354], [-454], [-153], [-253], [-353], [-453], [-145], [-152], [-245], [-252]]
TURN_LEFT
MOVE_FORWARD
Score: -520
Move to: (7, 3)
PERCEIVE_BREEZE
[[-120], [-220], [-320], [-420], [-128], [-112], [-119], [-121], [-228], [-212], [-219], [-221], [328], [-428], [-328, 120, 127, 129, 136], [-136, 328], [-120, 328], [-127, 328], [-129, 328], [-236], [-227], [-229], [-312], [-412], [-104], [-111], [-113], [-204], [-211], [-213], [-304], [-404], [-96], [-103], [-105], [-196], [-203], [-205], [-296], [-396], [-95], [-97], [-195], [-197], [-295], [-395], [-94], [-194], [-294], [-394], [-102], [-93], [-202], [-193], [-302], [-402], [-110], [-101], [-210], [-201], [-310], [-410], [-118], [-109], [-218], [-209], [-318], [-418], [-126], [-117], [-226], [-217], [326], [-426], [-326, 118, 125, 127, 134], [-134, 326], [-118, 326], [-125, 326], [-127, 326], [-234], [-225], [-317], [-417], [-125], [-116], [-216], [-325], [-425], [-133], [-124], [-233], [-224], [333], [-433], [-333, 125, 132, 134, 141], [-141, 333], [-125, 333], [-132, 333], [-134, 333], [-241], [-232], [324], [-424], [-324, 116, 125, 132], [-132, 324], [-116, 324], [-125, 324], [316], [-416], [-316, 108, 117, 124], [-124, 316], [-108, 316], [-117, 316], [-208], [309], [-409], [-309, 101, 108, 110, 117], [-117, 309], [-101, 309], [-108, 309], [-110, 309], [-301], [-401], [-100], [-200], [300], [-400], [-300, 92, 101, 108], [-108, 300], [-92, 300], [-101, 300], [-192], [-293], [-393], [-92], [-292], [-392], [-297], [-397], [-98], [-198], [-298], [-398], [-106], [-99], [-206], [-199], [-306], [-406], [-114], [-107], [-214], [-207], [-314], [-414], [-122], [-115], [-222], [-215], [-322], [-422], [-130], [-123], [-230], [-223], [330], [-430], [-330, 122, 129, 131, 138], [-138, 330], [-122, 330], [-129, 330], [-131, 330], [-238], [-231], [-323], [-423], [-131], [-331], [-431], [-139], [-239], [-339], [-439], [-147], [-138], [-247], [-347], [-447], [-155], [-146], [-255], [-246], [-355], [-455], [-154], [-254], [-354], [-454], [-153], [-253], [-353], [-453], [-145], [-152], [-245], [-252], [345], [-445], [-345, 137, 144, 146, 153], [-153, 345], [-137, 345], [-144, 345], [-146, 345], [-237], [-244]]
Infer: (6, 3)
TURN_LEFT
INFER_PIT
INFER_NOT_PIT
Infer: (7, 4)
TURN_UP
INFER_PIT
INFER_NOT_PIT
Infer: (7, 2)
TURN_DOWN
INFER_PIT
DETECT_PIT
[[-120], [-220], [-320], [-420], [-128], [-112], [-119], [-121], [-228], [-212], [-219], [-221], [328], [-428], [-328, 120, 127, 129, 136], [-136, 328], [-120, 328], [-127, 328], [-129, 328], [-236], [-227], [-229], [-312], [-412], [-104], [-111], [-113], [-204], [-211], [-213], [-304], [-404], [-96], [-103], [-105], [-196], [-203], [-205], [-296], [-396], [-95], [-97], [-195], [-197], [-295], [-395], [-94], [-194], [-294], [-394], [-102], [-93], [-202], [-193], [-302], [-402], [-110], [-101], [-210], [-201], [-310], [-410], [-118], [-109], [-218], [-209], [-318], [-418], [-126], [-117], [-226], [-217], [326], [-426], [-326, 118, 125, 127, 134], [-134, 326], [-118, 326], [-125, 326], [-127, 326], [-234], [-225], [-317], [-417], [-125], [-116], [-216], [-325], [-425], [-133], [-124], [-233], [-224], [333], [-433], [-333, 125, 132, 134, 141], [-141, 333], [-125, 333], [-132, 333], [-134, 333], [-241], [-232], [324], [-424], [-324, 116, 125, 132], [-132, 324], [-116, 324], [-125, 324], [316], [-416], [-316, 108, 117, 124], [-124, 316], [-108, 316], [-117, 316], [-208], [309], [-409], [-309, 101, 108, 110, 117], [-117, 309], [-101, 309], [-108, 309], [-110, 309], [-301], [-401], [-100], [-200], [300], [-400], [-300, 92, 101, 108], [-108, 300], [-92, 300], [-101, 300], [-192], [-293], [-393], [-92], [-292], [-392], [-297], [-397], [-98], [-198], [-298], [-398], [-106], [-99], [-206], [-199], [-306], [-406], [-114], [-107], [-214], [-207], [-314], [-414], [-122], [-115], [-222], [-215], [-322], [-422], [-130], [-123], [-230], [-223], [330], [-430], [-330, 122, 129, 131, 138], [-138, 330], [-122, 330], [-129, 330], [-131, 330], [-238], [-231], [-323], [-423], [-131], [-331], [-431], [-139], [-239], [-339], [-439], [-147], [-138], [-247], [-347], [-447], [-155], [-146], [-255], [-246], [-355], [-455], [-154], [-254], [-354], [-454], [-153], [-253], [-353], [-453], [-145], [-152], [-245], [-252], [345], [-445], [-345, 137, 144, 146, 153], [-153, 345], [-137, 345], [-144, 345], [-146, 345], [-237], [-244], [-346], [-446]]
TURN_RIGHT
MOVE_FORWARD
Score: -530
Backtrack: (8, 3)
TURN_UP
MOVE_FORWARD
Score: -540
Move to: (8, 4)
PERCEIVE_BREEZE
[[-120], [-220], [-320], [-420], [-128], [-112], [-119], [-121], [-228], [-212], [-219], [-221], [328], [-428], [-328, 120, 127, 129, 136], [-136, 328], [-120, 328], [-127, 328], [-129, 328], [-236], [-227], [-229], [-312], [-412], [-104], [-111], [-113], [-204], [-211], [-213], [-304], [-404], [-96], [-103], [-105], [-196], [-203], [-205], [-296], [-396], [-95], [-97], [-195], [-197], [-295], [-395], [-94], [-194], [-294], [-394], [-102], [-93], [-202], [-193], [-302], [-402], [-110], [-101], [-210], [-201], [-310], [-410], [-118], [-109], [-218], [-209], [-318], [-418], [-126], [-117], [-226], [-217], [326], [-426], [-326, 118, 125, 127, 134], [-134, 326], [-118, 326], [-125, 326], [-127, 326], [-234], [-225], [-317], [-417], [-125], [-116], [-216], [-325], [-425], [-133], [-124], [-233], [-224], [333], [-433], [-333, 125, 132, 134, 141], [-141, 333], [-125, 333], [-132, 333], [-134, 333], [-241], [-232], [324], [-424], [-324, 116, 125, 132], [-132, 324], [-116, 324], [-125, 324], [316], [-416], [-316, 108, 117, 124], [-124, 316], [-108, 316], [-117, 316], [-208], [309], [-409], [-309, 101, 108, 110, 117], [-117, 309], [-101, 309], [-108, 309], [-110, 309], [-301], [-401], [-100], [-200], [300], [-400], [-300, 92, 101, 108], [-108, 300], [-92, 300], [-101, 300], [-192], [-293], [-393], [-92], [-292], [-392], [-297], [-397], [-98], [-198], [-298], [-398], [-106], [-99], [-206], [-199], [-306], [-406], [-114], [-107], [-214], [-207], [-314], [-414], [-122], [-115], [-222], [-215], [-322], [-422], [-130], [-123], [-230], [-223], [330], [-430], [-330, 122, 129, 131, 138], [-138, 330], [-122, 330], [-129, 330], [-131, 330], [-238], [-231], [-323], [-423], [-131], [-331], [-431], [-139], [-239], [-339], [-439], [-147], [-138], [-247], [-347], [-447], [-155], [-146], [-255], [-246], [-355], [-455], [-154], [-254], [-354], [-454], [-153], [-253], [-353], [-453], [-145], [-152], [-245], [-252], [345], [-445], [-345, 137, 144, 146, 153], [-153, 345], [-137, 345], [-144, 345], [-146, 345], [-237], [-244], [-346], [-446], [352], [-452], [-352, 144, 151, 153], [-144, 352], [-151, 352], [-153, 352], [-251]]
Infer: (7, 4)
TURN_LEFT
INFER_PIT
INFER_NOT_PIT
Infer: (8, 5)
TURN_UP
INFER_PIT
INFER_NOT_PIT
TURN_DOWN
MOVE_FORWARD
Score: -550
Backtrack: (8, 3)
TURN_DOWN
MOVE_FORWARD
Score: -560
Backtrack: (8, 2)
TURN_DOWN
MOVE_FORWARD
Score: -570
Backtrack: (8, 1)
TURN_LEFT
MOVE_FORWARD
Score: -580
Backtrack: (7, 1)
TURN_UP
MOVE_FORWARD
Score: -590
Move to: (7, 2)
[[-120], [-220], [-320], [-420], [-128], [-112], [-119], [-121], [-228], [-212], [-219], [-221], [328], [-428], [-328, 120, 127, 129, 136], [-136, 328], [-120, 328], [-127, 328], [-129, 328], [-236], [-227], [-229], [-312], [-412], [-104], [-111], [-113], [-204], [-211], [-213], [-304], [-404], [-96], [-103], [-105], [-196], [-203], [-205], [-296], [-396], [-95], [-97], [-195], [-197], [-295], [-395], [-94], [-194], [-294], [-394], [-102], [-93], [-202], [-193], [-302], [-402], [-110], [-101], [-210], [-201], [-310], [-410], [-118], [-109], [-218], [-209], [-318], [-418], [-126], [-117], [-226], [-217], [326], [-426], [-326, 118, 125, 127, 134], [-134, 326], [-118, 326], [-125, 326], [-127, 326], [-234], [-225], [-317], [-417], [-125], [-116], [-216], [-325], [-425], [-133], [-124], [-233], [-224], [333], [-433], [-333, 125, 132, 134, 141], [-141, 333], [-125, 333], [-132, 333], [-134, 333], [-241], [-232], [324], [-424], [-324, 116, 125, 132], [-132, 324], [-116, 324], [-125, 324], [316], [-416], [-316, 108, 117, 124], [-124, 316], [-108, 316], [-117, 316], [-208], [309], [-409], [-309, 101, 108, 110, 117], [-117, 309], [-101, 309], [-108, 309], [-110, 309], [-301], [-401], [-100], [-200], [300], [-400], [-300, 92, 101, 108], [-108, 300], [-92, 300], [-101, 300], [-192], [-293], [-393], [-92], [-292], [-392], [-297], [-397], [-98], [-198], [-298], [-398], [-106], [-99], [-206], [-199], [-306], [-406], [-114], [-107], [-214], [-207], [-314], [-414], [-122], [-115], [-222], [-215], [-322], [-422], [-130], [-123], [-230], [-223], [330], [-430], [-330, 122, 129, 131, 138], [-138, 330], [-122, 330], [-129, 330], [-131, 330], [-238], [-231], [-323], [-423], [-131], [-331], [-431], [-139], [-239], [-339], [-439], [-147], [-138], [-247], [-347], [-447], [-155], [-146], [-255], [-246], [-355], [-455], [-154], [-254], [-354], [-454], [-153], [-253], [-353], [-453], [-145], [-152], [-245], [-252], [345], [-445], [-345, 137, 144, 146, 153], [-153, 345], [-137, 345], [-144, 345], [-146, 345], [-237], [-244], [-346], [-446], [352], [-452], [-352, 144, 151, 153], [-144, 352], [-151, 352], [-153, 352], [-251]]
TURN_DOWN
MOVE_FORWARD
Score: -600
Backtrack: (7, 1)
TURN_LEFT
MOVE_FORWARD
Score: -610
Backtrack: (6, 1)
TURN_UP
MOVE_FORWARD
Score: -620
Move to: (6, 2)
[[-120], [-220], [-320], [-420], [-128], [-112], [-119], [-121], [-228], [-212], [-219], [-221], [328], [-428], [-328, 120, 127, 129, 136], [-136, 328], [-120, 328], [-127, 328], [-129, 328], [-236], [-227], [-229], [-312], [-412], [-104], [-111], [-113], [-204], [-211], [-213], [-304], [-404], [-96], [-103], [-105], [-196], [-203], [-205], [-296], [-396], [-95], [-97], [-195], [-197], [-295], [-395], [-94], [-194], [-294], [-394], [-102], [-93], [-202], [-193], [-302], [-402], [-110], [-101], [-210], [-201], [-310], [-410], [-118], [-109], [-218], [-209], [-318], [-418], [-126], [-117], [-226], [-217], [326], [-426], [-326, 118, 125, 127, 134], [-134, 326], [-118, 326], [-125, 326], [-127, 326], [-234], [-225], [-317], [-417], [-125], [-116], [-216], [-325], [-425], [-133], [-124], [-233], [-224], [333], [-433], [-333, 125, 132, 134, 141], [-141, 333], [-125, 333], [-132, 333], [-134, 333], [-241], [-232], [324], [-424], [-324, 116, 125, 132], [-132, 324], [-116, 324], [-125, 324], [316], [-416], [-316, 108, 117, 124], [-124, 316], [-108, 316], [-117, 316], [-208], [309], [-409], [-309, 101, 108, 110, 117], [-117, 309], [-101, 309], [-108, 309], [-110, 309], [-301], [-401], [-100], [-200], [300], [-400], [-300, 92, 101, 108], [-108, 300], [-92, 300], [-101, 300], [-192], [-293], [-393], [-92], [-292], [-392], [-297], [-397], [-98], [-198], [-298], [-398], [-106], [-99], [-206], [-199], [-306], [-406], [-114], [-107], [-214], [-207], [-314], [-414], [-122], [-115], [-222], [-215], [-322], [-422], [-130], [-123], [-230], [-223], [330], [-430], [-330, 122, 129, 131, 138], [-138, 330], [-122, 330], [-129, 330], [-131, 330], [-238], [-231], [-323], [-423], [-131], [-331], [-431], [-139], [-239], [-339], [-439], [-147], [-138], [-247], [-347], [-447], [-155], [-146], [-255], [-246], [-355], [-455], [-154], [-254], [-354], [-454], [-153], [-253], [-353], [-453], [-145], [-152], [-245], [-252], [345], [-445], [-345, 137, 144, 146, 153], [-153, 345], [-137, 345], [-144, 345], [-146, 345], [-237], [-244], [-346], [-446], [352], [-452], [-352, 144, 151, 153], [-144, 352], [-151, 352], [-153, 352], [-251], [-338], [-438], [-137]]
TURN_UP
MOVE_FORWARD
Score: -630
Move to: (6, 3)
PERCEIVE_BREEZE
[[-120], [-220], [-320], [-420], [-128], [-112], [-119], [-121], [-228], [-212], [-219], [-221], [328], [-428], [-328, 120, 127, 129, 136], [-136, 328], [-120, 328], [-127, 328], [-129, 328], [-236], [-227], [-229], [-312], [-412], [-104], [-111], [-113], [-204], [-211], [-213], [-304], [-404], [-96], [-103], [-105], [-196], [-203], [-205], [-296], [-396], [-95], [-97], [-195], [-197], [-295], [-395], [-94], [-194], [-294], [-394], [-102], [-93], [-202], [-193], [-302], [-402], [-110], [-101], [-210], [-201], [-310], [-410], [-118], [-109], [-218], [-209], [-318], [-418], [-126], [-117], [-226], [-217], [326], [-426], [-326, 118, 125, 127, 134], [-134, 326], [-118, 326], [-125, 326], [-127, 326], [-234], [-225], [-317], [-417], [-125], [-116], [-216], [-325], [-425], [-133], [-124], [-233], [-224], [333], [-433], [-333, 125, 132, 134, 141], [-141, 333], [-125, 333], [-132, 333], [-134, 333], [-241], [-232], [324], [-424], [-324, 116, 125, 132], [-132, 324], [-116, 324], [-125, 324], [316], [-416], [-316, 108, 117, 124], [-124, 316], [-108, 316], [-117, 316], [-208], [309], [-409], [-309, 101, 108, 110, 117], [-117, 309], [-101, 309], [-108, 309], [-110, 309], [-301], [-401], [-100], [-200], [300], [-400], [-300, 92, 101, 108], [-108, 300], [-92, 300], [-101, 300], [-192], [-293], [-393], [-92], [-292], [-392], [-297], [-397], [-98], [-198], [-298], [-398], [-106], [-99], [-206], [-199], [-306], [-406], [-114], [-107], [-214], [-207], [-314], [-414], [-122], [-115], [-222], [-215], [-322], [-422], [-130], [-123], [-230], [-223], [330], [-430], [-330, 122, 129, 131, 138], [-138, 330], [-122, 330], [-129, 330], [-131, 330], [-238], [-231], [-323], [-423], [-131], [-331], [-431], [-139], [-239], [-339], [-439], [-147], [-138], [-247], [-347], [-447], [-155], [-146], [-255], [-246], [-355], [-455], [-154], [-254], [-354], [-454], [-153], [-253], [-353], [-453], [-145], [-152], [-245], [-252], [345], [-445], [-345, 137, 144, 146, 153], [-153, 345], [-137, 345], [-144, 345], [-146, 345], [-237], [-244], [-346], [-446], [352], [-452], [-352, 144, 151, 153], [-144, 352], [-151, 352], [-153, 352], [-251], [-338], [-438], [-137], [337], [-437], [-337, 129, 136, 138, 145], [-145, 337], [-129, 337], [-136, 337], [-138, 337]]
Infer: (7, 3)
TURN_RIGHT
INFER_PIT
DETECT_PIT
[[-120], [-220], [-320], [-420], [-128], [-112], [-119], [-121], [-228], [-212], [-219], [-221], [328], [-428], [-328, 120, 127, 129, 136], [-136, 328], [-120, 328], [-127, 328], [-129, 328], [-236], [-227], [-229], [-312], [-412], [-104], [-111], [-113], [-204], [-211], [-213], [-304], [-404], [-96], [-103], [-105], [-196], [-203], [-205], [-296], [-396], [-95], [-97], [-195], [-197], [-295], [-395], [-94], [-194], [-294], [-394], [-102], [-93], [-202], [-193], [-302], [-402], [-110], [-101], [-210], [-201], [-310], [-410], [-118], [-109], [-218], [-209], [-318], [-418], [-126], [-117], [-226], [-217], [326], [-426], [-326, 118, 125, 127, 134], [-134, 326], [-118, 326], [-125, 326], [-127, 326], [-234], [-225], [-317], [-417], [-125], [-116], [-216], [-325], [-425], [-133], [-124], [-233], [-224], [333], [-433], [-333, 125, 132, 134, 141], [-141, 333], [-125, 333], [-132, 333], [-134, 333], [-241], [-232], [324], [-424], [-324, 116, 125, 132], [-132, 324], [-116, 324], [-125, 324], [316], [-416], [-316, 108, 117, 124], [-124, 316], [-108, 316], [-117, 316], [-208], [309], [-409], [-309, 101, 108, 110, 117], [-117, 309], [-101, 309], [-108, 309], [-110, 309], [-301], [-401], [-100], [-200], [300], [-400], [-300, 92, 101, 108], [-108, 300], [-92, 300], [-101, 300], [-192], [-293], [-393], [-92], [-292], [-392], [-297], [-397], [-98], [-198], [-298], [-398], [-106], [-99], [-206], [-199], [-306], [-406], [-114], [-107], [-214], [-207], [-314], [-414], [-122], [-115], [-222], [-215], [-322], [-422], [-130], [-123], [-230], [-223], [330], [-430], [-330, 122, 129, 131, 138], [-138, 330], [-122, 330], [-129, 330], [-131, 330], [-238], [-231], [-323], [-423], [-131], [-331], [-431], [-139], [-239], [-339], [-439], [-147], [-138], [-247], [-347], [-447], [-155], [-146], [-255], [-246], [-355], [-455], [-154], [-254], [-354], [-454], [-153], [-253], [-353], [-453], [-145], [-152], [-245], [-252], [345], [-445], [-345, 137, 144, 146, 153], [-153, 345], [-137, 345], [-144, 345], [-146, 345], [-237], [-244], [-346], [-446], [352], [-452], [-352, 144, 151, 153], [-144, 352], [-151, 352], [-153, 352], [-251], [-338], [-438], [-137], [337], [-437], [-337, 129, 136, 138, 145], [-145, 337], [-129, 337], [-136, 337], [-138, 337]]
Infer: (5, 3)
TURN_LEFT
INFER_PIT
INFER_NOT_PIT
Infer: (6, 4)
TURN_UP
INFER_PIT
INFER_NOT_PIT
TURN_DOWN
MOVE_FORWARD
Score: -640
Backtrack: (6, 2)
TURN_DOWN
MOVE_FORWARD
Score: -650
Backtrack: (6, 1)
TURN_LEFT
MOVE_FORWARD
Score: -660
Backtrack: (5, 1)
TURN_LEFT
MOVE_FORWARD
Score: -670
Backtrack: (4, 1)
TURN_UP
MOVE_FORWARD
Score: -680
Backtrack: (4, 2)
TURN_LEFT
MOVE_FORWARD
Score: -690
Backtrack: (3, 2)
TURN_DOWN
MOVE_FORWARD
Score: -700
Move to: (3, 1)
[[-120], [-220], [-320], [-420], [-128], [-112], [-119], [-121], [-228], [-212], [-219], [-221], [328], [-428], [-328, 120, 127, 129, 136], [-136, 328], [-120, 328], [-127, 328], [-129, 328], [-236], [-227], [-229], [-312], [-412], [-104], [-111], [-113], [-204], [-211], [-213], [-304], [-404], [-96], [-103], [-105], [-196], [-203], [-205], [-296], [-396], [-95], [-97], [-195], [-197], [-295], [-395], [-94], [-194], [-294], [-394], [-102], [-93], [-202], [-193], [-302], [-402], [-110], [-101], [-210], [-201], [-310], [-410], [-118], [-109], [-218], [-209], [-318], [-418], [-126], [-117], [-226], [-217], [326], [-426], [-326, 118, 125, 127, 134], [-134, 326], [-118, 326], [-125, 326], [-127, 326], [-234], [-225], [-317], [-417], [-125], [-116], [-216], [-325], [-425], [-133], [-124], [-233], [-224], [333], [-433], [-333, 125, 132, 134, 141], [-141, 333], [-125, 333], [-132, 333], [-134, 333], [-241], [-232], [324], [-424], [-324, 116, 125, 132], [-132, 324], [-116, 324], [-125, 324], [316], [-416], [-316, 108, 117, 124], [-124, 316], [-108, 316], [-117, 316], [-208], [309], [-409], [-309, 101, 108, 110, 117], [-117, 309], [-101, 309], [-108, 309], [-110, 309], [-301], [-401], [-100], [-200], [300], [-400], [-300, 92, 101, 108], [-108, 300], [-92, 300], [-101, 300], [-192], [-293], [-393], [-92], [-292], [-392], [-297], [-397], [-98], [-198], [-298], [-398], [-106], [-99], [-206], [-199], [-306], [-406], [-114], [-107], [-214], [-207], [-314], [-414], [-122], [-115], [-222], [-215], [-322], [-422], [-130], [-123], [-230], [-223], [330], [-430], [-330, 122, 129, 131, 138], [-138, 330], [-122, 330], [-129, 330], [-131, 330], [-238], [-231], [-323], [-423], [-131], [-331], [-431], [-139], [-239], [-339], [-439], [-147], [-138], [-247], [-347], [-447], [-155], [-146], [-255], [-246], [-355], [-455], [-154], [-254], [-354], [-454], [-153], [-253], [-353], [-453], [-145], [-152], [-245], [-252], [345], [-445], [-345, 137, 144, 146, 153], [-153, 345], [-137, 345], [-144, 345], [-146, 345], [-237], [-244], [-346], [-446], [352], [-452], [-352, 144, 151, 153], [-144, 352], [-151, 352], [-153, 352], [-251], [-338], [-438], [-137], [337], [-437], [-337, 129, 136, 138, 145], [-145, 337], [-129, 337], [-136, 337], [-138, 337], [-315], [-415]]
TURN_UP
MOVE_FORWARD
Score: -710
Backtrack: (3, 2)
TURN_LEFT
MOVE_FORWARD
Score: -720
Backtrack: (2, 2)
TURN_DOWN
MOVE_FORWARD
Score: -730
Move to: (2, 1)
[[-120], [-220], [-320], [-420], [-128], [-112], [-119], [-121], [-228], [-212], [-219], [-221], [328], [-428], [-328, 120, 127, 129, 136], [-136, 328], [-120, 328], [-127, 328], [-129, 328], [-236], [-227], [-229], [-312], [-412], [-104], [-111], [-113], [-204], [-211], [-213], [-304], [-404], [-96], [-103], [-105], [-196], [-203], [-205], [-296], [-396], [-95], [-97], [-195], [-197], [-295], [-395], [-94], [-194], [-294], [-394], [-102], [-93], [-202], [-193], [-302], [-402], [-110], [-101], [-210], [-201], [-310], [-410], [-118], [-109], [-218], [-209], [-318], [-418], [-126], [-117], [-226], [-217], [326], [-426], [-326, 118, 125, 127, 134], [-134, 326], [-118, 326], [-125, 326], [-127, 326], [-234], [-225], [-317], [-417], [-125], [-116], [-216], [-325], [-425], [-133], [-124], [-233], [-224], [333], [-433], [-333, 125, 132, 134, 141], [-141, 333], [-125, 333], [-132, 333], [-134, 333], [-241], [-232], [324], [-424], [-324, 116, 125, 132], [-132, 324], [-116, 324], [-125, 324], [316], [-416], [-316, 108, 117, 124], [-124, 316], [-108, 316], [-117, 316], [-208], [309], [-409], [-309, 101, 108, 110, 117], [-117, 309], [-101, 309], [-108, 309], [-110, 309], [-301], [-401], [-100], [-200], [300], [-400], [-300, 92, 101, 108], [-108, 300], [-92, 300], [-101, 300], [-192], [-293], [-393], [-92], [-292], [-392], [-297], [-397], [-98], [-198], [-298], [-398], [-106], [-99], [-206], [-199], [-306], [-406], [-114], [-107], [-214], [-207], [-314], [-414], [-122], [-115], [-222], [-215], [-322], [-422], [-130], [-123], [-230], [-223], [330], [-430], [-330, 122, 129, 131, 138], [-138, 330], [-122, 330], [-129, 330], [-131, 330], [-238], [-231], [-323], [-423], [-131], [-331], [-431], [-139], [-239], [-339], [-439], [-147], [-138], [-247], [-347], [-447], [-155], [-146], [-255], [-246], [-355], [-455], [-154], [-254], [-354], [-454], [-153], [-253], [-353], [-453], [-145], [-152], [-245], [-252], [345], [-445], [-345, 137, 144, 146, 153], [-153, 345], [-137, 345], [-144, 345], [-146, 345], [-237], [-244], [-346], [-446], [352], [-452], [-352, 144, 151, 153], [-144, 352], [-151, 352], [-153, 352], [-251], [-338], [-438], [-137], [337], [-437], [-337, 129, 136, 138, 145], [-145, 337], [-129, 337], [-136, 337], [-138, 337], [-315], [-415], [-307], [-407]]
TURN_UP
MOVE_FORWARD
Score: -740
Backtrack: (2, 2)
TURN_LEFT
MOVE_FORWARD
Score: -750
Backtrack: (1, 2)
TURN_DOWN
MOVE_FORWARD
Score: -760
Move to: (1, 1)
[[-120], [-220], [-320], [-420], [-128], [-112], [-119], [-121], [-228], [-212], [-219], [-221], [328], [-428], [-328, 120, 127, 129, 136], [-136, 328], [-120, 328], [-127, 328], [-129, 328], [-236], [-227], [-229], [-312], [-412], [-104], [-111], [-113], [-204], [-211], [-213], [-304], [-404], [-96], [-103], [-105], [-196], [-203], [-205], [-296], [-396], [-95], [-97], [-195], [-197], [-295], [-395], [-94], [-194], [-294], [-394], [-102], [-93], [-202], [-193], [-302], [-402], [-110], [-101], [-210], [-201], [-310], [-410], [-118], [-109], [-218], [-209], [-318], [-418], [-126], [-117], [-226], [-217], [326], [-426], [-326, 118, 125, 127, 134], [-134, 326], [-118, 326], [-125, 326], [-127, 326], [-234], [-225], [-317], [-417], [-125], [-116], [-216], [-325], [-425], [-133], [-124], [-233], [-224], [333], [-433], [-333, 125, 132, 134, 141], [-141, 333], [-125, 333], [-132, 333], [-134, 333], [-241], [-232], [324], [-424], [-324, 116, 125, 132], [-132, 324], [-116, 324], [-125, 324], [316], [-416], [-316, 108, 117, 124], [-124, 316], [-108, 316], [-117, 316], [-208], [309], [-409], [-309, 101, 108, 110, 117], [-117, 309], [-101, 309], [-108, 309], [-110, 309], [-301], [-401], [-100], [-200], [300], [-400], [-300, 92, 101, 108], [-108, 300], [-92, 300], [-101, 300], [-192], [-293], [-393], [-92], [-292], [-392], [-297], [-397], [-98], [-198], [-298], [-398], [-106], [-99], [-206], [-199], [-306], [-406], [-114], [-107], [-214], [-207], [-314], [-414], [-122], [-115], [-222], [-215], [-322], [-422], [-130], [-123], [-230], [-223], [330], [-430], [-330, 122, 129, 131, 138], [-138, 330], [-122, 330], [-129, 330], [-131, 330], [-238], [-231], [-323], [-423], [-131], [-331], [-431], [-139], [-239], [-339], [-439], [-147], [-138], [-247], [-347], [-447], [-155], [-146], [-255], [-246], [-355], [-455], [-154], [-254], [-354], [-454], [-153], [-253], [-353], [-453], [-145], [-152], [-245], [-252], [345], [-445], [-345, 137, 144, 146, 153], [-153, 345], [-137, 345], [-144, 345], [-146, 345], [-237], [-244], [-346], [-446], [352], [-452], [-352, 144, 151, 153], [-144, 352], [-151, 352], [-153, 352], [-251], [-338], [-438], [-137], [337], [-437], [-337, 129, 136, 138, 145], [-145, 337], [-129, 337], [-136, 337], [-138, 337], [-315], [-415], [-307], [-407], [-299], [-399]]
TURN_UP
MOVE_FORWARD
Score: -770
Backtrack: (1, 2)
TURN_UP
MOVE_FORWARD
Score: -780
Backtrack: (1, 3)
TURN_UP
MOVE_FORWARD
Score: -790
Backtrack: (1, 4)
TURN_RIGHT
MOVE_FORWARD
Score: -800
Backtrack: (2, 4)
TURN_UP
MOVE_FORWARD
Score: -810
Move to: (2, 5)
[[-120], [-220], [-320], [-420], [-128], [-112], [-119], [-121], [-228], [-212], [-219], [-221], [328], [-428], [-328, 120, 127, 129, 136], [-136, 328], [-120, 328], [-127, 328], [-129, 328], [-236], [-227], [-229], [-312], [-412], [-104], [-111], [-113], [-204], [-211], [-213], [-304], [-404], [-96], [-103], [-105], [-196], [-203], [-205], [-296], [-396], [-95], [-97], [-195], [-197], [-295], [-395], [-94], [-194], [-294], [-394], [-102], [-93], [-202], [-193], [-302], [-402], [-110], [-101], [-210], [-201], [-310], [-410], [-118], [-109], [-218], [-209], [-318], [-418], [-126], [-117], [-226], [-217], [326], [-426], [-326, 118, 125, 127, 134], [-134, 326], [-118, 326], [-125, 326], [-127, 326], [-234], [-225], [-317], [-417], [-125], [-116], [-216], [-325], [-425], [-133], [-124], [-233], [-224], [333], [-433], [-333, 125, 132, 134, 141], [-141, 333], [-125, 333], [-132, 333], [-134, 333], [-241], [-232], [324], [-424], [-324, 116, 125, 132], [-132, 324], [-116, 324], [-125, 324], [316], [-416], [-316, 108, 117, 124], [-124, 316], [-108, 316], [-117, 316], [-208], [309], [-409], [-309, 101, 108, 110, 117], [-117, 309], [-101, 309], [-108, 309], [-110, 309], [-301], [-401], [-100], [-200], [300], [-400], [-300, 92, 101, 108], [-108, 300], [-92, 300], [-101, 300], [-192], [-293], [-393], [-92], [-292], [-392], [-297], [-397], [-98], [-198], [-298], [-398], [-106], [-99], [-206], [-199], [-306], [-406], [-114], [-107], [-214], [-207], [-314], [-414], [-122], [-115], [-222], [-215], [-322], [-422], [-130], [-123], [-230], [-223], [330], [-430], [-330, 122, 129, 131, 138], [-138, 330], [-122, 330], [-129, 330], [-131, 330], [-238], [-231], [-323], [-423], [-131], [-331], [-431], [-139], [-239], [-339], [-439], [-147], [-138], [-247], [-347], [-447], [-155], [-146], [-255], [-246], [-355], [-455], [-154], [-254], [-354], [-454], [-153], [-253], [-353], [-453], [-145], [-152], [-245], [-252], [345], [-445], [-345, 137, 144, 146, 153], [-153, 345], [-137, 345], [-144, 345], [-146, 345], [-237], [-244], [-346], [-446], [352], [-452], [-352, 144, 151, 153], [-144, 352], [-151, 352], [-153, 352], [-251], [-338], [-438], [-137], [337], [-437], [-337, 129, 136, 138, 145], [-145, 337], [-129, 337], [-136, 337], [-138, 337], [-315], [-415], [-307], [-407], [-299], [-399], [-303], [-403]]
TURN_DOWN
MOVE_FORWARD
Score: -820
Backtrack: (2, 4)
TURN_DOWN
MOVE_FORWARD
Score: -830
Move to: (2, 3)
[[-120], [-220], [-320], [-420], [-128], [-112], [-119], [-121], [-228], [-212], [-219], [-221], [328], [-428], [-328, 120, 127, 129, 136], [-136, 328], [-120, 328], [-127, 328], [-129, 328], [-236], [-227], [-229], [-312], [-412], [-104], [-111], [-113], [-204], [-211], [-213], [-304], [-404], [-96], [-103], [-105], [-196], [-203], [-205], [-296], [-396], [-95], [-97], [-195], [-197], [-295], [-395], [-94], [-194], [-294], [-394], [-102], [-93], [-202], [-193], [-302], [-402], [-110], [-101], [-210], [-201], [-310], [-410], [-118], [-109], [-218], [-209], [-318], [-418], [-126], [-117], [-226], [-217], [326], [-426], [-326, 118, 125, 127, 134], [-134, 326], [-118, 326], [-125, 326], [-127, 326], [-234], [-225], [-317], [-417], [-125], [-116], [-216], [-325], [-425], [-133], [-124], [-233], [-224], [333], [-433], [-333, 125, 132, 134, 141], [-141, 333], [-125, 333], [-132, 333], [-134, 333], [-241], [-232], [324], [-424], [-324, 116, 125, 132], [-132, 324], [-116, 324], [-125, 324], [316], [-416], [-316, 108, 117, 124], [-124, 316], [-108, 316], [-117, 316], [-208], [309], [-409], [-309, 101, 108, 110, 117], [-117, 309], [-101, 309], [-108, 309], [-110, 309], [-301], [-401], [-100], [-200], [300], [-400], [-300, 92, 101, 108], [-108, 300], [-92, 300], [-101, 300], [-192], [-293], [-393], [-92], [-292], [-392], [-297], [-397], [-98], [-198], [-298], [-398], [-106], [-99], [-206], [-199], [-306], [-406], [-114], [-107], [-214], [-207], [-314], [-414], [-122], [-115], [-222], [-215], [-322], [-422], [-130], [-123], [-230], [-223], [330], [-430], [-330, 122, 129, 131, 138], [-138, 330], [-122, 330], [-129, 330], [-131, 330], [-238], [-231], [-323], [-423], [-131], [-331], [-431], [-139], [-239], [-339], [-439], [-147], [-138], [-247], [-347], [-447], [-155], [-146], [-255], [-246], [-355], [-455], [-154], [-254], [-354], [-454], [-153], [-253], [-353], [-453], [-145], [-152], [-245], [-252], [345], [-445], [-345, 137, 144, 146, 153], [-153, 345], [-137, 345], [-144, 345], [-146, 345], [-237], [-244], [-346], [-446], [352], [-452], [-352, 144, 151, 153], [-144, 352], [-151, 352], [-153, 352], [-251], [-338], [-438], [-137], [337], [-437], [-337, 129, 136, 138, 145], [-145, 337], [-129, 337], [-136, 337], [-138, 337], [-315], [-415], [-307], [-407], [-299], [-399], [-303], [-403], [-305], [-405]]
TURN_UP
MOVE_FORWARD
Score: -840
Backtrack: (2, 4)
TURN_RIGHT
MOVE_FORWARD
Score: -850
Backtrack: (3, 4)
TURN_UP
MOVE_FORWARD
Score: -860
Move to: (3, 5)
[[-120], [-220], [-320], [-420], [-128], [-112], [-119], [-121], [-228], [-212], [-219], [-221], [328], [-428], [-328, 120, 127, 129, 136], [-136, 328], [-120, 328], [-127, 328], [-129, 328], [-236], [-227], [-229], [-312], [-412], [-104], [-111], [-113], [-204], [-211], [-213], [-304], [-404], [-96], [-103], [-105], [-196], [-203], [-205], [-296], [-396], [-95], [-97], [-195], [-197], [-295], [-395], [-94], [-194], [-294], [-394], [-102], [-93], [-202], [-193], [-302], [-402], [-110], [-101], [-210], [-201], [-310], [-410], [-118], [-109], [-218], [-209], [-318], [-418], [-126], [-117], [-226], [-217], [326], [-426], [-326, 118, 125, 127, 134], [-134, 326], [-118, 326], [-125, 326], [-127, 326], [-234], [-225], [-317], [-417], [-125], [-116], [-216], [-325], [-425], [-133], [-124], [-233], [-224], [333], [-433], [-333, 125, 132, 134, 141], [-141, 333], [-125, 333], [-132, 333], [-134, 333], [-241], [-232], [324], [-424], [-324, 116, 125, 132], [-132, 324], [-116, 324], [-125, 324], [316], [-416], [-316, 108, 117, 124], [-124, 316], [-108, 316], [-117, 316], [-208], [309], [-409], [-309, 101, 108, 110, 117], [-117, 309], [-101, 309], [-108, 309], [-110, 309], [-301], [-401], [-100], [-200], [300], [-400], [-300, 92, 101, 108], [-108, 300], [-92, 300], [-101, 300], [-192], [-293], [-393], [-92], [-292], [-392], [-297], [-397], [-98], [-198], [-298], [-398], [-106], [-99], [-206], [-199], [-306], [-406], [-114], [-107], [-214], [-207], [-314], [-414], [-122], [-115], [-222], [-215], [-322], [-422], [-130], [-123], [-230], [-223], [330], [-430], [-330, 122, 129, 131, 138], [-138, 330], [-122, 330], [-129, 330], [-131, 330], [-238], [-231], [-323], [-423], [-131], [-331], [-431], [-139], [-239], [-339], [-439], [-147], [-138], [-247], [-347], [-447], [-155], [-146], [-255], [-246], [-355], [-455], [-154], [-254], [-354], [-454], [-153], [-253], [-353], [-453], [-145], [-152], [-245], [-252], [345], [-445], [-345, 137, 144, 146, 153], [-153, 345], [-137, 345], [-144, 345], [-146, 345], [-237], [-244], [-346], [-446], [352], [-452], [-352, 144, 151, 153], [-144, 352], [-151, 352], [-153, 352], [-251], [-338], [-438], [-137], [337], [-437], [-337, 129, 136, 138, 145], [-145, 337], [-129, 337], [-136, 337], [-138, 337], [-315], [-415], [-307], [-407], [-299], [-399], [-303], [-403], [-305], [-405], [-311], [-411]]
TURN_DOWN
MOVE_FORWARD
Score: -870
Backtrack: (3, 4)
TURN_DOWN
MOVE_FORWARD
Score: -880
Move to: (3, 3)
[[-120], [-220], [-320], [-420], [-128], [-112], [-119], [-121], [-228], [-212], [-219], [-221], [328], [-428], [-328, 120, 127, 129, 136], [-136, 328], [-120, 328], [-127, 328], [-129, 328], [-236], [-227], [-229], [-312], [-412], [-104], [-111], [-113], [-204], [-211], [-213], [-304], [-404], [-96], [-103], [-105], [-196], [-203], [-205], [-296], [-396], [-95], [-97], [-195], [-197], [-295], [-395], [-94], [-194], [-294], [-394], [-102], [-93], [-202], [-193], [-302], [-402], [-110], [-101], [-210], [-201], [-310], [-410], [-118], [-109], [-218], [-209], [-318], [-418], [-126], [-117], [-226], [-217], [326], [-426], [-326, 118, 125, 127, 134], [-134, 326], [-118, 326], [-125, 326], [-127, 326], [-234], [-225], [-317], [-417], [-125], [-116], [-216], [-325], [-425], [-133], [-124], [-233], [-224], [333], [-433], [-333, 125, 132, 134, 141], [-141, 333], [-125, 333], [-132, 333], [-134, 333], [-241], [-232], [324], [-424], [-324, 116, 125, 132], [-132, 324], [-116, 324], [-125, 324], [316], [-416], [-316, 108, 117, 124], [-124, 316], [-108, 316], [-117, 316], [-208], [309], [-409], [-309, 101, 108, 110, 117], [-117, 309], [-101, 309], [-108, 309], [-110, 309], [-301], [-401], [-100], [-200], [300], [-400], [-300, 92, 101, 108], [-108, 300], [-92, 300], [-101, 300], [-192], [-293], [-393], [-92], [-292], [-392], [-297], [-397], [-98], [-198], [-298], [-398], [-106], [-99], [-206], [-199], [-306], [-406], [-114], [-107], [-214], [-207], [-314], [-414], [-122], [-115], [-222], [-215], [-322], [-422], [-130], [-123], [-230], [-223], [330], [-430], [-330, 122, 129, 131, 138], [-138, 330], [-122, 330], [-129, 330], [-131, 330], [-238], [-231], [-323], [-423], [-131], [-331], [-431], [-139], [-239], [-339], [-439], [-147], [-138], [-247], [-347], [-447], [-155], [-146], [-255], [-246], [-355], [-455], [-154], [-254], [-354], [-454], [-153], [-253], [-353], [-453], [-145], [-152], [-245], [-252], [345], [-445], [-345, 137, 144, 146, 153], [-153, 345], [-137, 345], [-144, 345], [-146, 345], [-237], [-244], [-346], [-446], [352], [-452], [-352, 144, 151, 153], [-144, 352], [-151, 352], [-153, 352], [-251], [-338], [-438], [-137], [337], [-437], [-337, 129, 136, 138, 145], [-145, 337], [-129, 337], [-136, 337], [-138, 337], [-315], [-415], [-307], [-407], [-299], [-399], [-303], [-403], [-305], [-405], [-311], [-411], [-313], [-413]]
TURN_UP
MOVE_FORWARD
Score: -890
Backtrack: (3, 4)
TURN_RIGHT
MOVE_FORWARD
Score: -900
Backtrack: (4, 4)
TURN_UP
MOVE_FORWARD
Score: -910
Move to: (4, 5)
[[-120], [-220], [-320], [-420], [-128], [-112], [-119], [-121], [-228], [-212], [-219], [-221], [328], [-428], [-328, 120, 127, 129, 136], [-136, 328], [-120, 328], [-127, 328], [-129, 328], [-236], [-227], [-229], [-312], [-412], [-104], [-111], [-113], [-204], [-211], [-213], [-304], [-404], [-96], [-103], [-105], [-196], [-203], [-205], [-296], [-396], [-95], [-97], [-195], [-197], [-295], [-395], [-94], [-194], [-294], [-394], [-102], [-93], [-202], [-193], [-302], [-402], [-110], [-101], [-210], [-201], [-310], [-410], [-118], [-109], [-218], [-209], [-318], [-418], [-126], [-117], [-226], [-217], [326], [-426], [-326, 118, 125, 127, 134], [-134, 326], [-118, 326], [-125, 326], [-127, 326], [-234], [-225], [-317], [-417], [-125], [-116], [-216], [-325], [-425], [-133], [-124], [-233], [-224], [333], [-433], [-333, 125, 132, 134, 141], [-141, 333], [-125, 333], [-132, 333], [-134, 333], [-241], [-232], [324], [-424], [-324, 116, 125, 132], [-132, 324], [-116, 324], [-125, 324], [316], [-416], [-316, 108, 117, 124], [-124, 316], [-108, 316], [-117, 316], [-208], [309], [-409], [-309, 101, 108, 110, 117], [-117, 309], [-101, 309], [-108, 309], [-110, 309], [-301], [-401], [-100], [-200], [300], [-400], [-300, 92, 101, 108], [-108, 300], [-92, 300], [-101, 300], [-192], [-293], [-393], [-92], [-292], [-392], [-297], [-397], [-98], [-198], [-298], [-398], [-106], [-99], [-206], [-199], [-306], [-406], [-114], [-107], [-214], [-207], [-314], [-414], [-122], [-115], [-222], [-215], [-322], [-422], [-130], [-123], [-230], [-223], [330], [-430], [-330, 122, 129, 131, 138], [-138, 330], [-122, 330], [-129, 330], [-131, 330], [-238], [-231], [-323], [-423], [-131], [-331], [-431], [-139], [-239], [-339], [-439], [-147], [-138], [-247], [-347], [-447], [-155], [-146], [-255], [-246], [-355], [-455], [-154], [-254], [-354], [-454], [-153], [-253], [-353], [-453], [-145], [-152], [-245], [-252], [345], [-445], [-345, 137, 144, 146, 153], [-153, 345], [-137, 345], [-144, 345], [-146, 345], [-237], [-244], [-346], [-446], [352], [-452], [-352, 144, 151, 153], [-144, 352], [-151, 352], [-153, 352], [-251], [-338], [-438], [-137], [337], [-437], [-337, 129, 136, 138, 145], [-145, 337], [-129, 337], [-136, 337], [-138, 337], [-315], [-415], [-307], [-407], [-299], [-399], [-303], [-403], [-305], [-405], [-311], [-411], [-313], [-413], [-319], [-419], [-127]]
TURN_RIGHT
MOVE_FORWARD
Score: -920
Move to: (5, 5)
[[-120], [-220], [-320], [-420], [-128], [-112], [-119], [-121], [-228], [-212], [-219], [-221], [328], [-428], [-328, 120, 127, 129, 136], [-136, 328], [-120, 328], [-127, 328], [-129, 328], [-236], [-227], [-229], [-312], [-412], [-104], [-111], [-113], [-204], [-211], [-213], [-304], [-404], [-96], [-103], [-105], [-196], [-203], [-205], [-296], [-396], [-95], [-97], [-195], [-197], [-295], [-395], [-94], [-194], [-294], [-394], [-102], [-93], [-202], [-193], [-302], [-402], [-110], [-101], [-210], [-201], [-310], [-410], [-118], [-109], [-218], [-209], [-318], [-418], [-126], [-117], [-226], [-217], [326], [-426], [-326, 118, 125, 127, 134], [-134, 326], [-118, 326], [-125, 326], [-127, 326], [-234], [-225], [-317], [-417], [-125], [-116], [-216], [-325], [-425], [-133], [-124], [-233], [-224], [333], [-433], [-333, 125, 132, 134, 141], [-141, 333], [-125, 333], [-132, 333], [-134, 333], [-241], [-232], [324], [-424], [-324, 116, 125, 132], [-132, 324], [-116, 324], [-125, 324], [316], [-416], [-316, 108, 117, 124], [-124, 316], [-108, 316], [-117, 316], [-208], [309], [-409], [-309, 101, 108, 110, 117], [-117, 309], [-101, 309], [-108, 309], [-110, 309], [-301], [-401], [-100], [-200], [300], [-400], [-300, 92, 101, 108], [-108, 300], [-92, 300], [-101, 300], [-192], [-293], [-393], [-92], [-292], [-392], [-297], [-397], [-98], [-198], [-298], [-398], [-106], [-99], [-206], [-199], [-306], [-406], [-114], [-107], [-214], [-207], [-314], [-414], [-122], [-115], [-222], [-215], [-322], [-422], [-130], [-123], [-230], [-223], [330], [-430], [-330, 122, 129, 131, 138], [-138, 330], [-122, 330], [-129, 330], [-131, 330], [-238], [-231], [-323], [-423], [-131], [-331], [-431], [-139], [-239], [-339], [-439], [-147], [-138], [-247], [-347], [-447], [-155], [-146], [-255], [-246], [-355], [-455], [-154], [-254], [-354], [-454], [-153], [-253], [-353], [-453], [-145], [-152], [-245], [-252], [345], [-445], [-345, 137, 144, 146, 153], [-153, 345], [-137, 345], [-144, 345], [-146, 345], [-237], [-244], [-346], [-446], [352], [-452], [-352, 144, 151, 153], [-144, 352], [-151, 352], [-153, 352], [-251], [-338], [-438], [-137], [337], [-437], [-337, 129, 136, 138, 145], [-145, 337], [-129, 337], [-136, 337], [-138, 337], [-315], [-415], [-307], [-407], [-299], [-399], [-303], [-403], [-305], [-405], [-311], [-411], [-313], [-413], [-319], [-419], [-127], [-327], [-427], [-135], [-235]]
TURN_RIGHT
MOVE_FORWARD
Score: -930
Move to: (6, 5)
PERCEIVE_STENCH
PERCEIVE_BREEZE
[[-120], [-220], [-320], [-420], [-128], [-112], [-119], [-121], [-228], [-212], [-219], [-221], [328], [-428], [-328, 120, 127, 129, 136], [-136, 328], [-120, 328], [-127, 328], [-129, 328], [-236], [-227], [-229], [-312], [-412], [-104], [-111], [-113], [-204], [-211], [-213], [-304], [-404], [-96], [-103], [-105], [-196], [-203], [-205], [-296], [-396], [-95], [-97], [-195], [-197], [-295], [-395], [-94], [-194], [-294], [-394], [-102], [-93], [-202], [-193], [-302], [-402], [-110], [-101], [-210], [-201], [-310], [-410], [-118], [-109], [-218], [-209], [-318], [-418], [-126], [-117], [-226], [-217], [326], [-426], [-326, 118, 125, 127, 134], [-134, 326], [-118, 326], [-125, 326], [-127, 326], [-234], [-225], [-317], [-417], [-125], [-116], [-216], [-325], [-425], [-133], [-124], [-233], [-224], [333], [-433], [-333, 125, 132, 134, 141], [-141, 333], [-125, 333], [-132, 333], [-134, 333], [-241], [-232], [324], [-424], [-324, 116, 125, 132], [-132, 324], [-116, 324], [-125, 324], [316], [-416], [-316, 108, 117, 124], [-124, 316], [-108, 316], [-117, 316], [-208], [309], [-409], [-309, 101, 108, 110, 117], [-117, 309], [-101, 309], [-108, 309], [-110, 309], [-301], [-401], [-100], [-200], [300], [-400], [-300, 92, 101, 108], [-108, 300], [-92, 300], [-101, 300], [-192], [-293], [-393], [-92], [-292], [-392], [-297], [-397], [-98], [-198], [-298], [-398], [-106], [-99], [-206], [-199], [-306], [-406], [-114], [-107], [-214], [-207], [-314], [-414], [-122], [-115], [-222], [-215], [-322], [-422], [-130], [-123], [-230], [-223], [330], [-430], [-330, 122, 129, 131, 138], [-138, 330], [-122, 330], [-129, 330], [-131, 330], [-238], [-231], [-323], [-423], [-131], [-331], [-431], [-139], [-239], [-339], [-439], [-147], [-138], [-247], [-347], [-447], [-155], [-146], [-255], [-246], [-355], [-455], [-154], [-254], [-354], [-454], [-153], [-253], [-353], [-453], [-145], [-152], [-245], [-252], [345], [-445], [-345, 137, 144, 146, 153], [-153, 345], [-137, 345], [-144, 345], [-146, 345], [-237], [-244], [-346], [-446], [352], [-452], [-352, 144, 151, 153], [-144, 352], [-151, 352], [-153, 352], [-251], [-338], [-438], [-137], [337], [-437], [-337, 129, 136, 138, 145], [-145, 337], [-129, 337], [-136, 337], [-138, 337], [-315], [-415], [-307], [-407], [-299], [-399], [-303], [-403], [-305], [-405], [-311], [-411], [-313], [-413], [-319], [-419], [-127], [-327], [-427], [-135], [-235], [335], [435], [-335, 127, 134, 136, 143], [-143, 335], [-127, 335], [-134, 335], [-136, 335], [-435, 227, 234, 236, 243], [-243, 435], [-227, 435], [-234, 435], [-236, 435]]
Infer: (7, 5)
TURN_RIGHT
INFER_WUMPUS
INFER_NOT_WUMPUS
Infer: (6, 6)
TURN_UP
INFER_WUMPUS
DETECT_WUMPUS
SHOOT
Score: -1030
KB: [[-120], [-220], [-320], [-420], [-128], [-112], [-119], [-121], [-228], [-212], [-219], [-221], [328], [-428], [-328, 120, 127, 129, 136], [-136, 328], [-120, 328], [-127, 328], [-129, 328], [-236], [-227], [-229], [-312], [-412], [-104], [-111], [-113], [-204], [-211], [-213], [-304], [-404], [-96], [-103], [-105], [-196], [-203], [-205], [-296], [-396], [-95], [-97], [-195], [-197], [-295], [-395], [-94], [-194], [-294], [-394], [-102], [-93], [-202], [-193], [-302], [-402], [-110], [-101], [-210], [-201], [-310], [-410], [-118], [-109], [-218], [-209], [-318], [-418], [-126], [-117], [-226], [-217], [326], [-426], [-326, 118, 125, 127, 134], [-134, 326], [-118, 326], [-125, 326], [-127, 326], [-234], [-225], [-317], [-417], [-125], [-116], [-216], [-325], [-425], [-133], [-124], [-233], [-224], [333], [-433], [-333, 125, 132, 134, 141], [-141, 333], [-125, 333], [-132, 333], [-134, 333], [-241], [-232], [324], [-424], [-324, 116, 125, 132], [-132, 324], [-116, 324], [-125, 324], [316], [-416], [-316, 108, 117, 124], [-124, 316], [-108, 316], [-117, 316], [-208], [309], [-409], [-309, 101, 108, 110, 117], [-117, 309], [-101, 309], [-108, 309], [-110, 309], [-301], [-401], [-100], [-200], [300], [-400], [-300, 92, 101, 108], [-108, 300], [-92, 300], [-101, 300], [-192], [-293], [-393], [-92], [-292], [-392], [-297], [-397], [-98], [-198], [-298], [-398], [-106], [-99], [-206], [-199], [-306], [-406], [-114], [-107], [-214], [-207], [-314], [-414], [-122], [-115], [-222], [-215], [-322], [-422], [-130], [-123], [-230], [-223], [330], [-430], [-330, 122, 129, 131, 138], [-138, 330], [-122, 330], [-129, 330], [-131, 330], [-238], [-231], [-323], [-423], [-131], [-331], [-431], [-139], [-239], [-339], [-439], [-147], [-138], [-247], [-347], [-447], [-155], [-146], [-255], [-246], [-355], [-455], [-154], [-254], [-354], [-454], [-153], [-253], [-353], [-453], [-145], [-152], [-245], [-252], [345], [-445], [-345, 137, 144, 146, 153], [-153, 345], [-137, 345], [-144, 345], [-146, 345], [-237], [-244], [-346], [-446], [352], [-452], [-352, 144, 151, 153], [-144, 352], [-151, 352], [-153, 352], [-251], [-338], [-438], [-137], [337], [-437], [-337, 129, 136, 138, 145], [-145, 337], [-129, 337], [-136, 337], [-138, 337], [-315], [-415], [-307], [-407], [-299], [-399], [-303], [-403], [-305], [-405], [-311], [-411], [-313], [-413], [-319], [-419], [-127], [-327], [-427], [-135], [-235], [335], [435], [-335, 127, 134, 136, 143], [-143, 335], [-127, 335], [-134, 335], [-136, 335], [-435, 227, 234, 236, 243], [-243, 435], [-227, 435], [-234, 435], [-236, 435]]
Infer: (6, 4)
TURN_DOWN
INFER_WUMPUS
Infer: (6, 6)
TURN_UP
INFER_PIT
INFER_NOT_PIT
TURN_LEFT
MOVE_FORWARD
Score: -1040
Backtrack: (5, 5)
TURN_LEFT
MOVE_FORWARD
Score: -1050
Backtrack: (4, 5)
TURN_DOWN
MOVE_FORWARD
Score: -1060
Backtrack: (4, 4)
TURN_DOWN
MOVE_FORWARD
Score: -1070
Move to: (4, 3)
PERCEIVE_BREEZE
[[-120], [-220], [-320], [-420], [-128], [-112], [-119], [-121], [-228], [-212], [-219], [-221], [328], [-428], [-328, 120, 127, 129, 136], [-136, 328], [-120, 328], [-127, 328], [-129, 328], [-236], [-227], [-229], [-312], [-412], [-104], [-111], [-113], [-204], [-211], [-213], [-304], [-404], [-96], [-103], [-105], [-196], [-203], [-205], [-296], [-396], [-95], [-97], [-195], [-197], [-295], [-395], [-94], [-194], [-294], [-394], [-102], [-93], [-202], [-193], [-302], [-402], [-110], [-101], [-210], [-201], [-310], [-410], [-118], [-109], [-218], [-209], [-318], [-418], [-126], [-117], [-226], [-217], [326], [-426], [-326, 118, 125, 127, 134], [-134, 326], [-118, 326], [-125, 326], [-127, 326], [-234], [-225], [-317], [-417], [-125], [-116], [-216], [-325], [-425], [-133], [-124], [-233], [-224], [333], [-433], [-333, 125, 132, 134, 141], [-141, 333], [-125, 333], [-132, 333], [-134, 333], [-241], [-232], [324], [-424], [-324, 116, 125, 132], [-132, 324], [-116, 324], [-125, 324], [316], [-416], [-316, 108, 117, 124], [-124, 316], [-108, 316], [-117, 316], [-208], [309], [-409], [-309, 101, 108, 110, 117], [-117, 309], [-101, 309], [-108, 309], [-110, 309], [-301], [-401], [-100], [-200], [300], [-400], [-300, 92, 101, 108], [-108, 300], [-92, 300], [-101, 300], [-192], [-293], [-393], [-92], [-292], [-392], [-297], [-397], [-98], [-198], [-298], [-398], [-106], [-99], [-206], [-199], [-306], [-406], [-114], [-107], [-214], [-207], [-314], [-414], [-122], [-115], [-222], [-215], [-322], [-422], [-130], [-123], [-230], [-223], [330], [-430], [-330, 122, 129, 131, 138], [-138, 330], [-122, 330], [-129, 330], [-131, 330], [-238], [-231], [-323], [-423], [-131], [-331], [-431], [-139], [-239], [-339], [-439], [-147], [-138], [-247], [-347], [-447], [-155], [-146], [-255], [-246], [-355], [-455], [-154], [-254], [-354], [-454], [-153], [-253], [-353], [-453], [-145], [-152], [-245], [-252], [345], [-445], [-345, 137, 144, 146, 153], [-153, 345], [-137, 345], [-144, 345], [-146, 345], [-237], [-244], [-346], [-446], [352], [-452], [-352, 144, 151, 153], [-144, 352], [-151, 352], [-153, 352], [-251], [-338], [-438], [-137], [337], [-437], [-337, 129, 136, 138, 145], [-145, 337], [-129, 337], [-136, 337], [-138, 337], [-315], [-415], [-307], [-407], [-299], [-399], [-303], [-403], [-305], [-405], [-311], [-411], [-313], [-413], [-319], [-419], [-127], [-327], [-427], [-135], [-235], [335], [435], [-335, 127, 134, 136, 143], [-143, 335], [-127, 335], [-134, 335], [-136, 335], [-435, 227, 234, 236, 243], [-243, 435], [-227, 435], [-234, 435], [-236, 435], [321], [-421], [-321, 113, 120, 122, 129], [-129, 321], [-113, 321], [-120, 321], [-122, 321]]
Infer: (5, 3)
TURN_RIGHT
INFER_PIT
INFER_NOT_PIT
Infer: (3, 3)
TURN_LEFT
INFER_PIT
DETECT_PIT
[[-120], [-220], [-320], [-420], [-128], [-112], [-119], [-121], [-228], [-212], [-219], [-221], [328], [-428], [-328, 120, 127, 129, 136], [-136, 328], [-120, 328], [-127, 328], [-129, 328], [-236], [-227], [-229], [-312], [-412], [-104], [-111], [-113], [-204], [-211], [-213], [-304], [-404], [-96], [-103], [-105], [-196], [-203], [-205], [-296], [-396], [-95], [-97], [-195], [-197], [-295], [-395], [-94], [-194], [-294], [-394], [-102], [-93], [-202], [-193], [-302], [-402], [-110], [-101], [-210], [-201], [-310], [-410], [-118], [-109], [-218], [-209], [-318], [-418], [-126], [-117], [-226], [-217], [326], [-426], [-326, 118, 125, 127, 134], [-134, 326], [-118, 326], [-125, 326], [-127, 326], [-234], [-225], [-317], [-417], [-125], [-116], [-216], [-325], [-425], [-133], [-124], [-233], [-224], [333], [-433], [-333, 125, 132, 134, 141], [-141, 333], [-125, 333], [-132, 333], [-134, 333], [-241], [-232], [324], [-424], [-324, 116, 125, 132], [-132, 324], [-116, 324], [-125, 324], [316], [-416], [-316, 108, 117, 124], [-124, 316], [-108, 316], [-117, 316], [-208], [309], [-409], [-309, 101, 108, 110, 117], [-117, 309], [-101, 309], [-108, 309], [-110, 309], [-301], [-401], [-100], [-200], [300], [-400], [-300, 92, 101, 108], [-108, 300], [-92, 300], [-101, 300], [-192], [-293], [-393], [-92], [-292], [-392], [-297], [-397], [-98], [-198], [-298], [-398], [-106], [-99], [-206], [-199], [-306], [-406], [-114], [-107], [-214], [-207], [-314], [-414], [-122], [-115], [-222], [-215], [-322], [-422], [-130], [-123], [-230], [-223], [330], [-430], [-330, 122, 129, 131, 138], [-138, 330], [-122, 330], [-129, 330], [-131, 330], [-238], [-231], [-323], [-423], [-131], [-331], [-431], [-139], [-239], [-339], [-439], [-147], [-138], [-247], [-347], [-447], [-155], [-146], [-255], [-246], [-355], [-455], [-154], [-254], [-354], [-454], [-153], [-253], [-353], [-453], [-145], [-152], [-245], [-252], [345], [-445], [-345, 137, 144, 146, 153], [-153, 345], [-137, 345], [-144, 345], [-146, 345], [-237], [-244], [-346], [-446], [352], [-452], [-352, 144, 151, 153], [-144, 352], [-151, 352], [-153, 352], [-251], [-338], [-438], [-137], [337], [-437], [-337, 129, 136, 138, 145], [-145, 337], [-129, 337], [-136, 337], [-138, 337], [-315], [-415], [-307], [-407], [-299], [-399], [-303], [-403], [-305], [-405], [-311], [-411], [-313], [-413], [-319], [-419], [-127], [-327], [-427], [-135], [-235], [335], [435], [-335, 127, 134, 136, 143], [-143, 335], [-127, 335], [-134, 335], [-136, 335], [-435, 227, 234, 236, 243], [-243, 435], [-227, 435], [-234, 435], [-236, 435], [321], [-421], [-321, 113, 120, 122, 129], [-129, 321], [-113, 321], [-120, 321], [-122, 321]]
Infer: (4, 2)
TURN_DOWN
INFER_PIT
DETECT_PIT
[[-120], [-220], [-320], [-420], [-128], [-112], [-119], [-121], [-228], [-212], [-219], [-221], [328], [-428], [-328, 120, 127, 129, 136], [-136, 328], [-120, 328], [-127, 328], [-129, 328], [-236], [-227], [-229], [-312], [-412], [-104], [-111], [-113], [-204], [-211], [-213], [-304], [-404], [-96], [-103], [-105], [-196], [-203], [-205], [-296], [-396], [-95], [-97], [-195], [-197], [-295], [-395], [-94], [-194], [-294], [-394], [-102], [-93], [-202], [-193], [-302], [-402], [-110], [-101], [-210], [-201], [-310], [-410], [-118], [-109], [-218], [-209], [-318], [-418], [-126], [-117], [-226], [-217], [326], [-426], [-326, 118, 125, 127, 134], [-134, 326], [-118, 326], [-125, 326], [-127, 326], [-234], [-225], [-317], [-417], [-125], [-116], [-216], [-325], [-425], [-133], [-124], [-233], [-224], [333], [-433], [-333, 125, 132, 134, 141], [-141, 333], [-125, 333], [-132, 333], [-134, 333], [-241], [-232], [324], [-424], [-324, 116, 125, 132], [-132, 324], [-116, 324], [-125, 324], [316], [-416], [-316, 108, 117, 124], [-124, 316], [-108, 316], [-117, 316], [-208], [309], [-409], [-309, 101, 108, 110, 117], [-117, 309], [-101, 309], [-108, 309], [-110, 309], [-301], [-401], [-100], [-200], [300], [-400], [-300, 92, 101, 108], [-108, 300], [-92, 300], [-101, 300], [-192], [-293], [-393], [-92], [-292], [-392], [-297], [-397], [-98], [-198], [-298], [-398], [-106], [-99], [-206], [-199], [-306], [-406], [-114], [-107], [-214], [-207], [-314], [-414], [-122], [-115], [-222], [-215], [-322], [-422], [-130], [-123], [-230], [-223], [330], [-430], [-330, 122, 129, 131, 138], [-138, 330], [-122, 330], [-129, 330], [-131, 330], [-238], [-231], [-323], [-423], [-131], [-331], [-431], [-139], [-239], [-339], [-439], [-147], [-138], [-247], [-347], [-447], [-155], [-146], [-255], [-246], [-355], [-455], [-154], [-254], [-354], [-454], [-153], [-253], [-353], [-453], [-145], [-152], [-245], [-252], [345], [-445], [-345, 137, 144, 146, 153], [-153, 345], [-137, 345], [-144, 345], [-146, 345], [-237], [-244], [-346], [-446], [352], [-452], [-352, 144, 151, 153], [-144, 352], [-151, 352], [-153, 352], [-251], [-338], [-438], [-137], [337], [-437], [-337, 129, 136, 138, 145], [-145, 337], [-129, 337], [-136, 337], [-138, 337], [-315], [-415], [-307], [-407], [-299], [-399], [-303], [-403], [-305], [-405], [-311], [-411], [-313], [-413], [-319], [-419], [-127], [-327], [-427], [-135], [-235], [335], [435], [-335, 127, 134, 136, 143], [-143, 335], [-127, 335], [-134, 335], [-136, 335], [-435, 227, 234, 236, 243], [-243, 435], [-227, 435], [-234, 435], [-236, 435], [321], [-421], [-321, 113, 120, 122, 129], [-129, 321], [-113, 321], [-120, 321], [-122, 321]]
TURN_UP
MOVE_FORWARD
Score: -1080
Backtrack: (4, 4)
